format	wellname	row	rownum	col	totcolcount	byrow	bycol	quad	parentwell
96	A01	A	1	1	12	1	1	1	0
96	B01	B	2	1	12	13	2	1	0
96	C01	C	3	1	12	25	3	1	0
96	D01	D	4	1	12	37	4	1	0
96	E01	E	5	1	12	49	5	1	0
96	F01	F	6	1	12	61	6	1	0
96	G01	G	7	1	12	73	7	1	0
96	H01	H	8	1	12	85	8	1	0
96	A02	A	1	2	12	2	9	1	0
96	B02	B	2	2	12	14	10	1	0
96	C02	C	3	2	12	26	11	1	0
96	D02	D	4	2	12	38	12	1	0
96	E02	E	5	2	12	50	13	1	0
96	F02	F	6	2	12	62	14	1	0
96	G02	G	7	2	12	74	15	1	0
96	H02	H	8	2	12	86	16	1	0
96	A03	A	1	3	12	3	17	1	0
96	B03	B	2	3	12	15	18	1	0
96	C03	C	3	3	12	27	19	1	0
96	D03	D	4	3	12	39	20	1	0
96	E03	E	5	3	12	51	21	1	0
96	F03	F	6	3	12	63	22	1	0
96	G03	G	7	3	12	75	23	1	0
96	H03	H	8	3	12	87	24	1	0
96	A04	A	1	4	12	4	25	1	0
96	B04	B	2	4	12	16	26	1	0
96	C04	C	3	4	12	28	27	1	0
96	D04	D	4	4	12	40	28	1	0
96	E04	E	5	4	12	52	29	1	0
96	F04	F	6	4	12	64	30	1	0
96	G04	G	7	4	12	76	31	1	0
96	H04	H	8	4	12	88	32	1	0
96	A05	A	1	5	12	5	33	1	0
96	B05	B	2	5	12	17	34	1	0
96	C05	C	3	5	12	29	35	1	0
96	D05	D	4	5	12	41	36	1	0
96	E05	E	5	5	12	53	37	1	0
96	F05	F	6	5	12	65	38	1	0
96	G05	G	7	5	12	77	39	1	0
96	H05	H	8	5	12	89	40	1	0
96	A06	A	1	6	12	6	41	1	0
96	B06	B	2	6	12	18	42	1	0
96	C06	C	3	6	12	30	43	1	0
96	D06	D	4	6	12	42	44	1	0
96	E06	E	5	6	12	54	45	1	0
96	F06	F	6	6	12	66	46	1	0
96	G06	G	7	6	12	78	47	1	0
96	H06	H	8	6	12	90	48	1	0
96	A07	A	1	7	12	7	49	1	0
96	B07	B	2	7	12	19	50	1	0
96	C07	C	3	7	12	31	51	1	0
96	D07	D	4	7	12	43	52	1	0
96	E07	E	5	7	12	55	53	1	0
96	F07	F	6	7	12	67	54	1	0
96	G07	G	7	7	12	79	55	1	0
96	H07	H	8	7	12	91	56	1	0
96	A08	A	1	8	12	8	57	1	0
96	B08	B	2	8	12	20	58	1	0
96	C08	C	3	8	12	32	59	1	0
96	D08	D	4	8	12	44	60	1	0
96	E08	E	5	8	12	56	61	1	0
96	F08	F	6	8	12	68	62	1	0
96	G08	G	7	8	12	80	63	1	0
96	H08	H	8	8	12	92	64	1	0
96	A09	A	1	9	12	9	65	1	0
96	B09	B	2	9	12	21	66	1	0
96	C09	C	3	9	12	33	67	1	0
96	D09	D	4	9	12	45	68	1	0
96	E09	E	5	9	12	57	69	1	0
96	F09	F	6	9	12	69	70	1	0
96	G09	G	7	9	12	81	71	1	0
96	H09	H	8	9	12	93	72	1	0
96	A10	A	1	10	12	10	73	1	0
96	B10	B	2	10	12	22	74	1	0
96	C10	C	3	10	12	34	75	1	0
96	D10	D	4	10	12	46	76	1	0
96	E10	E	5	10	12	58	77	1	0
96	F10	F	6	10	12	70	78	1	0
96	G10	G	7	10	12	82	79	1	0
96	H10	H	8	10	12	94	80	1	0
96	A11	A	1	11	12	11	81	1	0
96	B11	B	2	11	12	23	82	1	0
96	C11	C	3	11	12	35	83	1	0
96	D11	D	4	11	12	47	84	1	0
96	E11	E	5	11	12	59	85	1	0
96	F11	F	6	11	12	71	86	1	0
96	G11	G	7	11	12	83	87	1	0
96	H11	H	8	11	12	95	88	1	0
96	A12	A	1	12	12	12	89	1	0
96	B12	B	2	12	12	24	90	1	0
96	C12	C	3	12	12	36	91	1	0
96	D12	D	4	12	12	48	92	1	0
96	E12	E	5	12	12	60	93	1	0
96	F12	F	6	12	12	72	94	1	0
96	G12	G	7	12	12	84	95	1	0
96	H12	H	8	12	12	96	96	1	0
384	A01	A	1	1	24	1	1	1	1
384	B01	B	2	1	24	25	2	3	1
384	C01	C	3	1	24	49	3	1	2
384	D01	D	4	1	24	73	4	3	2
384	E01	E	5	1	24	97	5	1	3
384	F01	F	6	1	24	121	6	3	3
384	G01	G	7	1	24	145	7	1	4
384	H01	H	8	1	24	169	8	3	4
384	I01	I	9	1	24	193	9	1	5
384	J01	J	10	1	24	217	10	3	5
384	K01	K	11	1	24	241	11	1	6
384	L01	L	12	1	24	265	12	3	6
384	M01	M	13	1	24	289	13	1	7
384	N01	N	14	1	24	313	14	3	7
384	O01	O	15	1	24	337	15	1	8
384	P01	P	16	1	24	361	16	3	8
384	A02	A	1	2	24	2	17	2	1
384	B02	B	2	2	24	26	18	4	1
384	C02	C	3	2	24	50	19	2	2
384	D02	D	4	2	24	74	20	4	2
384	E02	E	5	2	24	98	21	2	3
384	F02	F	6	2	24	122	22	4	3
384	G02	G	7	2	24	146	23	2	4
384	H02	H	8	2	24	170	24	4	4
384	I02	I	9	2	24	194	25	2	5
384	J02	J	10	2	24	218	26	4	5
384	K02	K	11	2	24	242	27	2	6
384	L02	L	12	2	24	266	28	4	6
384	M02	M	13	2	24	290	29	2	7
384	N02	N	14	2	24	314	30	4	7
384	O02	O	15	2	24	338	31	2	8
384	P02	P	16	2	24	362	32	4	8
384	A03	A	1	3	24	3	33	1	9
384	B03	B	2	3	24	27	34	3	9
384	C03	C	3	3	24	51	35	1	10
384	D03	D	4	3	24	75	36	3	10
384	E03	E	5	3	24	99	37	1	11
384	F03	F	6	3	24	123	38	3	11
384	G03	G	7	3	24	147	39	1	12
384	H03	H	8	3	24	171	40	3	12
384	I03	I	9	3	24	195	41	1	13
384	J03	J	10	3	24	219	42	3	13
384	K03	K	11	3	24	243	43	1	14
384	L03	L	12	3	24	267	44	3	14
384	M03	M	13	3	24	291	45	1	15
384	N03	N	14	3	24	315	46	3	15
384	O03	O	15	3	24	339	47	1	16
384	P03	P	16	3	24	363	48	3	16
384	A04	A	1	4	24	4	49	2	9
384	B04	B	2	4	24	28	50	4	9
384	C04	C	3	4	24	52	51	2	10
384	D04	D	4	4	24	76	52	4	10
384	E04	E	5	4	24	100	53	2	11
384	F04	F	6	4	24	124	54	4	11
384	G04	G	7	4	24	148	55	2	12
384	H04	H	8	4	24	172	56	4	12
384	I04	I	9	4	24	196	57	2	13
384	J04	J	10	4	24	220	58	4	13
384	K04	K	11	4	24	244	59	2	14
384	L04	L	12	4	24	268	60	4	14
384	M04	M	13	4	24	292	61	2	15
384	N04	N	14	4	24	316	62	4	15
384	O04	O	15	4	24	340	63	2	16
384	P04	P	16	4	24	364	64	4	16
384	A05	A	1	5	24	5	65	1	17
384	B05	B	2	5	24	29	66	3	17
384	C05	C	3	5	24	53	67	1	18
384	D05	D	4	5	24	77	68	3	18
384	E05	E	5	5	24	101	69	1	19
384	F05	F	6	5	24	125	70	3	19
384	G05	G	7	5	24	149	71	1	20
384	H05	H	8	5	24	173	72	3	20
384	I05	I	9	5	24	197	73	1	21
384	J05	J	10	5	24	221	74	3	21
384	K05	K	11	5	24	245	75	1	22
384	L05	L	12	5	24	269	76	3	22
384	M05	M	13	5	24	293	77	1	23
384	N05	N	14	5	24	317	78	3	23
384	O05	O	15	5	24	341	79	1	24
384	P05	P	16	5	24	365	80	3	24
384	A06	A	1	6	24	6	81	2	17
384	B06	B	2	6	24	30	82	4	17
384	C06	C	3	6	24	54	83	2	18
384	D06	D	4	6	24	78	84	4	18
384	E06	E	5	6	24	102	85	2	19
384	F06	F	6	6	24	126	86	4	19
384	G06	G	7	6	24	150	87	2	20
384	H06	H	8	6	24	174	88	4	20
384	I06	I	9	6	24	198	89	2	21
384	J06	J	10	6	24	222	90	4	21
384	K06	K	11	6	24	246	91	2	22
384	L06	L	12	6	24	270	92	4	22
384	M06	M	13	6	24	294	93	2	23
384	N06	N	14	6	24	318	94	4	23
384	O06	O	15	6	24	342	95	2	24
384	P06	P	16	6	24	366	96	4	24
384	A07	A	1	7	24	7	97	1	25
384	B07	B	2	7	24	31	98	3	25
384	C07	C	3	7	24	55	99	1	26
384	D07	D	4	7	24	79	100	3	26
384	E07	E	5	7	24	103	101	1	27
384	F07	F	6	7	24	127	102	3	27
384	G07	G	7	7	24	151	103	1	28
384	H07	H	8	7	24	175	104	3	28
384	I07	I	9	7	24	199	105	1	29
384	J07	J	10	7	24	223	106	3	29
384	K07	K	11	7	24	247	107	1	30
384	L07	L	12	7	24	271	108	3	30
384	M07	M	13	7	24	295	109	1	31
384	N07	N	14	7	24	319	110	3	31
384	O07	O	15	7	24	343	111	1	32
384	P07	P	16	7	24	367	112	3	32
384	A08	A	1	8	24	8	113	2	25
384	B08	B	2	8	24	32	114	4	25
384	C08	C	3	8	24	56	115	2	26
384	D08	D	4	8	24	80	116	4	26
384	E08	E	5	8	24	104	117	2	27
384	F08	F	6	8	24	128	118	4	27
384	G08	G	7	8	24	152	119	2	28
384	H08	H	8	8	24	176	120	4	28
384	I08	I	9	8	24	200	121	2	29
384	J08	J	10	8	24	224	122	4	29
384	K08	K	11	8	24	248	123	2	30
384	L08	L	12	8	24	272	124	4	30
384	M08	M	13	8	24	296	125	2	31
384	N08	N	14	8	24	320	126	4	31
384	O08	O	15	8	24	344	127	2	32
384	P08	P	16	8	24	368	128	4	32
384	A09	A	1	9	24	9	129	1	33
384	B09	B	2	9	24	33	130	3	33
384	C09	C	3	9	24	57	131	1	34
384	D09	D	4	9	24	81	132	3	34
384	E09	E	5	9	24	105	133	1	35
384	F09	F	6	9	24	129	134	3	35
384	G09	G	7	9	24	153	135	1	36
384	H09	H	8	9	24	177	136	3	36
384	I09	I	9	9	24	201	137	1	37
384	J09	J	10	9	24	225	138	3	37
384	K09	K	11	9	24	249	139	1	38
384	L09	L	12	9	24	273	140	3	38
384	M09	M	13	9	24	297	141	1	39
384	N09	N	14	9	24	321	142	3	39
384	O09	O	15	9	24	345	143	1	40
384	P09	P	16	9	24	369	144	3	40
384	A10	A	1	10	24	10	145	2	33
384	B10	B	2	10	24	34	146	4	33
384	C10	C	3	10	24	58	147	2	34
384	D10	D	4	10	24	82	148	4	34
384	E10	E	5	10	24	106	149	2	35
384	F10	F	6	10	24	130	150	4	35
384	G10	G	7	10	24	154	151	2	36
384	H10	H	8	10	24	178	152	4	36
384	I10	I	9	10	24	202	153	2	37
384	J10	J	10	10	24	226	154	4	37
384	K10	K	11	10	24	250	155	2	38
384	L10	L	12	10	24	274	156	4	38
384	M10	M	13	10	24	298	157	2	39
384	N10	N	14	10	24	322	158	4	39
384	O10	O	15	10	24	346	159	2	40
384	P10	P	16	10	24	370	160	4	40
384	A11	A	1	11	24	11	161	1	41
384	B11	B	2	11	24	35	162	3	41
384	C11	C	3	11	24	59	163	1	42
384	D11	D	4	11	24	83	164	3	42
384	E11	E	5	11	24	107	165	1	43
384	F11	F	6	11	24	131	166	3	43
384	G11	G	7	11	24	155	167	1	44
384	H11	H	8	11	24	179	168	3	44
384	I11	I	9	11	24	203	169	1	45
384	J11	J	10	11	24	227	170	3	45
384	K11	K	11	11	24	251	171	1	46
384	L11	L	12	11	24	275	172	3	46
384	M11	M	13	11	24	299	173	1	47
384	N11	N	14	11	24	323	174	3	47
384	O11	O	15	11	24	347	175	1	48
384	P11	P	16	11	24	371	176	3	48
384	A12	A	1	12	24	12	177	2	41
384	B12	B	2	12	24	36	178	4	41
384	C12	C	3	12	24	60	179	2	42
384	D12	D	4	12	24	84	180	4	42
384	E12	E	5	12	24	108	181	2	43
384	F12	F	6	12	24	132	182	4	43
384	G12	G	7	12	24	156	183	2	44
384	H12	H	8	12	24	180	184	4	44
384	I12	I	9	12	24	204	185	2	45
384	J12	J	10	12	24	228	186	4	45
384	K12	K	11	12	24	252	187	2	46
384	L12	L	12	12	24	276	188	4	46
384	M12	M	13	12	24	300	189	2	47
384	N12	N	14	12	24	324	190	4	47
384	O12	O	15	12	24	348	191	2	48
384	P12	P	16	12	24	372	192	4	48
384	A13	A	1	13	24	13	193	1	49
384	B13	B	2	13	24	37	194	3	49
384	C13	C	3	13	24	61	195	1	50
384	D13	D	4	13	24	85	196	3	50
384	E13	E	5	13	24	109	197	1	51
384	F13	F	6	13	24	133	198	3	51
384	G13	G	7	13	24	157	199	1	52
384	H13	H	8	13	24	181	200	3	52
384	I13	I	9	13	24	205	201	1	53
384	J13	J	10	13	24	229	202	3	53
384	K13	K	11	13	24	253	203	1	54
384	L13	L	12	13	24	277	204	3	54
384	M13	M	13	13	24	301	205	1	55
384	N13	N	14	13	24	325	206	3	55
384	O13	O	15	13	24	349	207	1	56
384	P13	P	16	13	24	373	208	3	56
384	A14	A	1	14	24	14	209	2	49
384	B14	B	2	14	24	38	210	4	49
384	C14	C	3	14	24	62	211	2	50
384	D14	D	4	14	24	86	212	4	50
384	E14	E	5	14	24	110	213	2	51
384	F14	F	6	14	24	134	214	4	51
384	G14	G	7	14	24	158	215	2	52
384	H14	H	8	14	24	182	216	4	52
384	I14	I	9	14	24	206	217	2	53
384	J14	J	10	14	24	230	218	4	53
384	K14	K	11	14	24	254	219	2	54
384	L14	L	12	14	24	278	220	4	54
384	M14	M	13	14	24	302	221	2	55
384	N14	N	14	14	24	326	222	4	55
384	O14	O	15	14	24	350	223	2	56
384	P14	P	16	14	24	374	224	4	56
384	A15	A	1	15	24	15	225	1	57
384	B15	B	2	15	24	39	226	3	57
384	C15	C	3	15	24	63	227	1	58
384	D15	D	4	15	24	87	228	3	58
384	E15	E	5	15	24	111	229	1	59
384	F15	F	6	15	24	135	230	3	59
384	G15	G	7	15	24	159	231	1	60
384	H15	H	8	15	24	183	232	3	60
384	I15	I	9	15	24	207	233	1	61
384	J15	J	10	15	24	231	234	3	61
384	K15	K	11	15	24	255	235	1	62
384	L15	L	12	15	24	279	236	3	62
384	M15	M	13	15	24	303	237	1	63
384	N15	N	14	15	24	327	238	3	63
384	O15	O	15	15	24	351	239	1	64
384	P15	P	16	15	24	375	240	3	64
384	A16	A	1	16	24	16	241	2	57
384	B16	B	2	16	24	40	242	4	57
384	C16	C	3	16	24	64	243	2	58
384	D16	D	4	16	24	88	244	4	58
384	E16	E	5	16	24	112	245	2	59
384	F16	F	6	16	24	136	246	4	59
384	G16	G	7	16	24	160	247	2	60
384	H16	H	8	16	24	184	248	4	60
384	I16	I	9	16	24	208	249	2	61
384	J16	J	10	16	24	232	250	4	61
384	K16	K	11	16	24	256	251	2	62
384	L16	L	12	16	24	280	252	4	62
384	M16	M	13	16	24	304	253	2	63
384	N16	N	14	16	24	328	254	4	63
384	O16	O	15	16	24	352	255	2	64
384	P16	P	16	16	24	376	256	4	64
384	A17	A	1	17	24	17	257	1	65
384	B17	B	2	17	24	41	258	3	65
384	C17	C	3	17	24	65	259	1	66
384	D17	D	4	17	24	89	260	3	66
384	E17	E	5	17	24	113	261	1	67
384	F17	F	6	17	24	137	262	3	67
384	G17	G	7	17	24	161	263	1	68
384	H17	H	8	17	24	185	264	3	68
384	I17	I	9	17	24	209	265	1	69
384	J17	J	10	17	24	233	266	3	69
384	K17	K	11	17	24	257	267	1	70
384	L17	L	12	17	24	281	268	3	70
384	M17	M	13	17	24	305	269	1	71
384	N17	N	14	17	24	329	270	3	71
384	O17	O	15	17	24	353	271	1	72
384	P17	P	16	17	24	377	272	3	72
384	A18	A	1	18	24	18	273	2	65
384	B18	B	2	18	24	42	274	4	65
384	C18	C	3	18	24	66	275	2	66
384	D18	D	4	18	24	90	276	4	66
384	E18	E	5	18	24	114	277	2	67
384	F18	F	6	18	24	138	278	4	67
384	G18	G	7	18	24	162	279	2	68
384	H18	H	8	18	24	186	280	4	68
384	I18	I	9	18	24	210	281	2	69
384	J18	J	10	18	24	234	282	4	69
384	K18	K	11	18	24	258	283	2	70
384	L18	L	12	18	24	282	284	4	70
384	M18	M	13	18	24	306	285	2	71
384	N18	N	14	18	24	330	286	4	71
384	O18	O	15	18	24	354	287	2	72
384	P18	P	16	18	24	378	288	4	72
384	A19	A	1	19	24	19	289	1	73
384	B19	B	2	19	24	43	290	3	73
384	C19	C	3	19	24	67	291	1	74
384	D19	D	4	19	24	91	292	3	74
384	E19	E	5	19	24	115	293	1	75
384	F19	F	6	19	24	139	294	3	75
384	G19	G	7	19	24	163	295	1	76
384	H19	H	8	19	24	187	296	3	76
384	I19	I	9	19	24	211	297	1	77
384	J19	J	10	19	24	235	298	3	77
384	K19	K	11	19	24	259	299	1	78
384	L19	L	12	19	24	283	300	3	78
384	M19	M	13	19	24	307	301	1	79
384	N19	N	14	19	24	331	302	3	79
384	O19	O	15	19	24	355	303	1	80
384	P19	P	16	19	24	379	304	3	80
384	A20	A	1	20	24	20	305	2	73
384	B20	B	2	20	24	44	306	4	73
384	C20	C	3	20	24	68	307	2	74
384	D20	D	4	20	24	92	308	4	74
384	E20	E	5	20	24	116	309	2	75
384	F20	F	6	20	24	140	310	4	75
384	G20	G	7	20	24	164	311	2	76
384	H20	H	8	20	24	188	312	4	76
384	I20	I	9	20	24	212	313	2	77
384	J20	J	10	20	24	236	314	4	77
384	K20	K	11	20	24	260	315	2	78
384	L20	L	12	20	24	284	316	4	78
384	M20	M	13	20	24	308	317	2	79
384	N20	N	14	20	24	332	318	4	79
384	O20	O	15	20	24	356	319	2	80
384	P20	P	16	20	24	380	320	4	80
384	A21	A	1	21	24	21	321	1	81
384	B21	B	2	21	24	45	322	3	81
384	C21	C	3	21	24	69	323	1	82
384	D21	D	4	21	24	93	324	3	82
384	E21	E	5	21	24	117	325	1	83
384	F21	F	6	21	24	141	326	3	83
384	G21	G	7	21	24	165	327	1	84
384	H21	H	8	21	24	189	328	3	84
384	I21	I	9	21	24	213	329	1	85
384	J21	J	10	21	24	237	330	3	85
384	K21	K	11	21	24	261	331	1	86
384	L21	L	12	21	24	285	332	3	86
384	M21	M	13	21	24	309	333	1	87
384	N21	N	14	21	24	333	334	3	87
384	O21	O	15	21	24	357	335	1	88
384	P21	P	16	21	24	381	336	3	88
384	A22	A	1	22	24	22	337	2	81
384	B22	B	2	22	24	46	338	4	81
384	C22	C	3	22	24	70	339	2	82
384	D22	D	4	22	24	94	340	4	82
384	E22	E	5	22	24	118	341	2	83
384	F22	F	6	22	24	142	342	4	83
384	G22	G	7	22	24	166	343	2	84
384	H22	H	8	22	24	190	344	4	84
384	I22	I	9	22	24	214	345	2	85
384	J22	J	10	22	24	238	346	4	85
384	K22	K	11	22	24	262	347	2	86
384	L22	L	12	22	24	286	348	4	86
384	M22	M	13	22	24	310	349	2	87
384	N22	N	14	22	24	334	350	4	87
384	O22	O	15	22	24	358	351	2	88
384	P22	P	16	22	24	382	352	4	88
384	A23	A	1	23	24	23	353	1	89
384	B23	B	2	23	24	47	354	3	89
384	C23	C	3	23	24	71	355	1	90
384	D23	D	4	23	24	95	356	3	90
384	E23	E	5	23	24	119	357	1	91
384	F23	F	6	23	24	143	358	3	91
384	G23	G	7	23	24	167	359	1	92
384	H23	H	8	23	24	191	360	3	92
384	I23	I	9	23	24	215	361	1	93
384	J23	J	10	23	24	239	362	3	93
384	K23	K	11	23	24	263	363	1	94
384	L23	L	12	23	24	287	364	3	94
384	M23	M	13	23	24	311	365	1	95
384	N23	N	14	23	24	335	366	3	95
384	O23	O	15	23	24	359	367	1	96
384	P23	P	16	23	24	383	368	3	96
384	A24	A	1	24	24	24	369	2	89
384	B24	B	2	24	24	48	370	4	89
384	C24	C	3	24	24	72	371	2	90
384	D24	D	4	24	24	96	372	4	90
384	E24	E	5	24	24	120	373	2	91
384	F24	F	6	24	24	144	374	4	91
384	G24	G	7	24	24	168	375	2	92
384	H24	H	8	24	24	192	376	4	92
384	I24	I	9	24	24	216	377	2	93
384	J24	J	10	24	24	240	378	4	93
384	K24	K	11	24	24	264	379	2	94
384	L24	L	12	24	24	288	380	4	94
384	M24	M	13	24	24	312	381	2	95
384	N24	N	14	24	24	336	382	4	95
384	O24	O	15	24	24	360	383	2	96
384	P24	P	16	24	24	384	384	4	96
1536	A01	A	1	1	48	1	1	1	1
1536	C01	C	3	1	48	97	3	1	2
1536	E01	E	5	1	48	193	5	1	3
1536	G01	G	7	1	48	289	7	1	4
1536	I01	I	9	1	48	385	9	1	5
1536	K01	K	11	1	48	481	11	1	6
1536	M01	M	13	1	48	577	13	1	7
1536	O01	O	15	1	48	673	15	1	8
1536	Q01	Q	17	1	48	769	17	1	9
1536	S01	S	19	1	48	865	19	1	10
1536	U01	U	21	1	48	961	21	1	11
1536	W01	W	23	1	48	1057	23	1	12
1536	Y01	Y	25	1	48	1153	25	1	13
1536	AA01	AA	27	1	48	1249	27	1	14
1536	AC01	AC	29	1	48	1345	29	1	15
1536	AE01	AE	31	1	48	1441	31	1	16
1536	A03	A	1	3	48	3	65	1	17
1536	C03	C	3	3	48	99	67	1	18
1536	E03	E	5	3	48	195	69	1	19
1536	G03	G	7	3	48	291	71	1	20
1536	I03	I	9	3	48	387	73	1	21
1536	K03	K	11	3	48	483	75	1	22
1536	M03	M	13	3	48	579	77	1	23
1536	O03	O	15	3	48	675	79	1	24
1536	Q03	Q	17	3	48	771	81	1	25
1536	S03	S	19	3	48	867	83	1	26
1536	U03	U	21	3	48	963	85	1	27
1536	W03	W	23	3	48	1059	87	1	28
1536	Y03	Y	25	3	48	1155	89	1	29
1536	AA03	AA	27	3	48	1251	91	1	30
1536	AC03	AC	29	3	48	1347	93	1	31
1536	AE03	AE	31	3	48	1443	95	1	32
1536	A05	A	1	5	48	5	129	1	33
1536	C05	C	3	5	48	101	131	1	34
1536	E05	E	5	5	48	197	133	1	35
1536	G05	G	7	5	48	293	135	1	36
1536	I05	I	9	5	48	389	137	1	37
1536	K05	K	11	5	48	485	139	1	38
1536	M05	M	13	5	48	581	141	1	39
1536	O05	O	15	5	48	677	143	1	40
1536	Q05	Q	17	5	48	773	145	1	41
1536	S05	S	19	5	48	869	147	1	42
1536	U05	U	21	5	48	965	149	1	43
1536	W05	W	23	5	48	1061	151	1	44
1536	Y05	Y	25	5	48	1157	153	1	45
1536	AA05	AA	27	5	48	1253	155	1	46
1536	AC05	AC	29	5	48	1349	157	1	47
1536	AE05	AE	31	5	48	1445	159	1	48
1536	A07	A	1	7	48	7	193	1	49
1536	C07	C	3	7	48	103	195	1	50
1536	E07	E	5	7	48	199	197	1	51
1536	G07	G	7	7	48	295	199	1	52
1536	I07	I	9	7	48	391	201	1	53
1536	K07	K	11	7	48	487	203	1	54
1536	M07	M	13	7	48	583	205	1	55
1536	O07	O	15	7	48	679	207	1	56
1536	Q07	Q	17	7	48	775	209	1	57
1536	S07	S	19	7	48	871	211	1	58
1536	U07	U	21	7	48	967	213	1	59
1536	W07	W	23	7	48	1063	215	1	60
1536	Y07	Y	25	7	48	1159	217	1	61
1536	AA07	AA	27	7	48	1255	219	1	62
1536	AC07	AC	29	7	48	1351	221	1	63
1536	AE07	AE	31	7	48	1447	223	1	64
1536	A09	A	1	9	48	9	257	1	65
1536	C09	C	3	9	48	105	259	1	66
1536	E09	E	5	9	48	201	261	1	67
1536	G09	G	7	9	48	297	263	1	68
1536	I09	I	9	9	48	393	265	1	69
1536	K09	K	11	9	48	489	267	1	70
1536	M09	M	13	9	48	585	269	1	71
1536	O09	O	15	9	48	681	271	1	72
1536	Q09	Q	17	9	48	777	273	1	73
1536	S09	S	19	9	48	873	275	1	74
1536	U09	U	21	9	48	969	277	1	75
1536	W09	W	23	9	48	1065	279	1	76
1536	Y09	Y	25	9	48	1161	281	1	77
1536	AA09	AA	27	9	48	1257	283	1	78
1536	AC09	AC	29	9	48	1353	285	1	79
1536	AE09	AE	31	9	48	1449	287	1	80
1536	A11	A	1	11	48	11	321	1	81
1536	C11	C	3	11	48	107	323	1	82
1536	E11	E	5	11	48	203	325	1	83
1536	G11	G	7	11	48	299	327	1	84
1536	I11	I	9	11	48	395	329	1	85
1536	K11	K	11	11	48	491	331	1	86
1536	M11	M	13	11	48	587	333	1	87
1536	O11	O	15	11	48	683	335	1	88
1536	Q11	Q	17	11	48	779	337	1	89
1536	S11	S	19	11	48	875	339	1	90
1536	U11	U	21	11	48	971	341	1	91
1536	W11	W	23	11	48	1067	343	1	92
1536	Y11	Y	25	11	48	1163	345	1	93
1536	AA11	AA	27	11	48	1259	347	1	94
1536	AC11	AC	29	11	48	1355	349	1	95
1536	AE11	AE	31	11	48	1451	351	1	96
1536	A13	A	1	13	48	13	385	1	97
1536	C13	C	3	13	48	109	387	1	98
1536	E13	E	5	13	48	205	389	1	99
1536	G13	G	7	13	48	301	391	1	100
1536	I13	I	9	13	48	397	393	1	101
1536	K13	K	11	13	48	493	395	1	102
1536	M13	M	13	13	48	589	397	1	103
1536	O13	O	15	13	48	685	399	1	104
1536	Q13	Q	17	13	48	781	401	1	105
1536	S13	S	19	13	48	877	403	1	106
1536	U13	U	21	13	48	973	405	1	107
1536	W13	W	23	13	48	1069	407	1	108
1536	Y13	Y	25	13	48	1165	409	1	109
1536	AA13	AA	27	13	48	1261	411	1	110
1536	AC13	AC	29	13	48	1357	413	1	111
1536	AE13	AE	31	13	48	1453	415	1	112
1536	A15	A	1	15	48	15	449	1	113
1536	C15	C	3	15	48	111	451	1	114
1536	E15	E	5	15	48	207	453	1	115
1536	G15	G	7	15	48	303	455	1	116
1536	I15	I	9	15	48	399	457	1	117
1536	K15	K	11	15	48	495	459	1	118
1536	M15	M	13	15	48	591	461	1	119
1536	O15	O	15	15	48	687	463	1	120
1536	Q15	Q	17	15	48	783	465	1	121
1536	S15	S	19	15	48	879	467	1	122
1536	U15	U	21	15	48	975	469	1	123
1536	W15	W	23	15	48	1071	471	1	124
1536	Y15	Y	25	15	48	1167	473	1	125
1536	AA15	AA	27	15	48	1263	475	1	126
1536	AC15	AC	29	15	48	1359	477	1	127
1536	AE15	AE	31	15	48	1455	479	1	128
1536	A17	A	1	17	48	17	513	1	129
1536	C17	C	3	17	48	113	515	1	130
1536	E17	E	5	17	48	209	517	1	131
1536	G17	G	7	17	48	305	519	1	132
1536	I17	I	9	17	48	401	521	1	133
1536	K17	K	11	17	48	497	523	1	134
1536	M17	M	13	17	48	593	525	1	135
1536	O17	O	15	17	48	689	527	1	136
1536	Q17	Q	17	17	48	785	529	1	137
1536	S17	S	19	17	48	881	531	1	138
1536	U17	U	21	17	48	977	533	1	139
1536	W17	W	23	17	48	1073	535	1	140
1536	Y17	Y	25	17	48	1169	537	1	141
1536	AA17	AA	27	17	48	1265	539	1	142
1536	AC17	AC	29	17	48	1361	541	1	143
1536	AE17	AE	31	17	48	1457	543	1	144
1536	A19	A	1	19	48	19	577	1	145
1536	C19	C	3	19	48	115	579	1	146
1536	E19	E	5	19	48	211	581	1	147
1536	G19	G	7	19	48	307	583	1	148
1536	I19	I	9	19	48	403	585	1	149
1536	K19	K	11	19	48	499	587	1	150
1536	M19	M	13	19	48	595	589	1	151
1536	O19	O	15	19	48	691	591	1	152
1536	Q19	Q	17	19	48	787	593	1	153
1536	S19	S	19	19	48	883	595	1	154
1536	U19	U	21	19	48	979	597	1	155
1536	W19	W	23	19	48	1075	599	1	156
1536	Y19	Y	25	19	48	1171	601	1	157
1536	AA19	AA	27	19	48	1267	603	1	158
1536	AC19	AC	29	19	48	1363	605	1	159
1536	AE19	AE	31	19	48	1459	607	1	160
1536	A21	A	1	21	48	21	641	1	161
1536	C21	C	3	21	48	117	643	1	162
1536	E21	E	5	21	48	213	645	1	163
1536	G21	G	7	21	48	309	647	1	164
1536	I21	I	9	21	48	405	649	1	165
1536	K21	K	11	21	48	501	651	1	166
1536	M21	M	13	21	48	597	653	1	167
1536	O21	O	15	21	48	693	655	1	168
1536	Q21	Q	17	21	48	789	657	1	169
1536	S21	S	19	21	48	885	659	1	170
1536	U21	U	21	21	48	981	661	1	171
1536	W21	W	23	21	48	1077	663	1	172
1536	Y21	Y	25	21	48	1173	665	1	173
1536	AA21	AA	27	21	48	1269	667	1	174
1536	AC21	AC	29	21	48	1365	669	1	175
1536	AE21	AE	31	21	48	1461	671	1	176
1536	A23	A	1	23	48	23	705	1	177
1536	C23	C	3	23	48	119	707	1	178
1536	E23	E	5	23	48	215	709	1	179
1536	G23	G	7	23	48	311	711	1	180
1536	I23	I	9	23	48	407	713	1	181
1536	K23	K	11	23	48	503	715	1	182
1536	M23	M	13	23	48	599	717	1	183
1536	O23	O	15	23	48	695	719	1	184
1536	Q23	Q	17	23	48	791	721	1	185
1536	S23	S	19	23	48	887	723	1	186
1536	U23	U	21	23	48	983	725	1	187
1536	W23	W	23	23	48	1079	727	1	188
1536	Y23	Y	25	23	48	1175	729	1	189
1536	AA23	AA	27	23	48	1271	731	1	190
1536	AC23	AC	29	23	48	1367	733	1	191
1536	AE23	AE	31	23	48	1463	735	1	192
1536	A25	A	1	25	48	25	769	1	193
1536	C25	C	3	25	48	121	771	1	194
1536	E25	E	5	25	48	217	773	1	195
1536	G25	G	7	25	48	313	775	1	196
1536	I25	I	9	25	48	409	777	1	197
1536	K25	K	11	25	48	505	779	1	198
1536	M25	M	13	25	48	601	781	1	199
1536	O25	O	15	25	48	697	783	1	200
1536	Q25	Q	17	25	48	793	785	1	201
1536	S25	S	19	25	48	889	787	1	202
1536	U25	U	21	25	48	985	789	1	203
1536	W25	W	23	25	48	1081	791	1	204
1536	Y25	Y	25	25	48	1177	793	1	205
1536	AA25	AA	27	25	48	1273	795	1	206
1536	AC25	AC	29	25	48	1369	797	1	207
1536	AE25	AE	31	25	48	1465	799	1	208
1536	A27	A	1	27	48	27	833	1	209
1536	C27	C	3	27	48	123	835	1	210
1536	E27	E	5	27	48	219	837	1	211
1536	G27	G	7	27	48	315	839	1	212
1536	I27	I	9	27	48	411	841	1	213
1536	K27	K	11	27	48	507	843	1	214
1536	M27	M	13	27	48	603	845	1	215
1536	O27	O	15	27	48	699	847	1	216
1536	Q27	Q	17	27	48	795	849	1	217
1536	S27	S	19	27	48	891	851	1	218
1536	U27	U	21	27	48	987	853	1	219
1536	W27	W	23	27	48	1083	855	1	220
1536	Y27	Y	25	27	48	1179	857	1	221
1536	AA27	AA	27	27	48	1275	859	1	222
1536	AC27	AC	29	27	48	1371	861	1	223
1536	AE27	AE	31	27	48	1467	863	1	224
1536	A29	A	1	29	48	29	897	1	225
1536	C29	C	3	29	48	125	899	1	226
1536	E29	E	5	29	48	221	901	1	227
1536	G29	G	7	29	48	317	903	1	228
1536	I29	I	9	29	48	413	905	1	229
1536	K29	K	11	29	48	509	907	1	230
1536	M29	M	13	29	48	605	909	1	231
1536	O29	O	15	29	48	701	911	1	232
1536	Q29	Q	17	29	48	797	913	1	233
1536	S29	S	19	29	48	893	915	1	234
1536	U29	U	21	29	48	989	917	1	235
1536	W29	W	23	29	48	1085	919	1	236
1536	Y29	Y	25	29	48	1181	921	1	237
1536	AA29	AA	27	29	48	1277	923	1	238
1536	AC29	AC	29	29	48	1373	925	1	239
1536	AE29	AE	31	29	48	1469	927	1	240
1536	A31	A	1	31	48	31	961	1	241
1536	C31	C	3	31	48	127	963	1	242
1536	E31	E	5	31	48	223	965	1	243
1536	G31	G	7	31	48	319	967	1	244
1536	I31	I	9	31	48	415	969	1	245
1536	K31	K	11	31	48	511	971	1	246
1536	M31	M	13	31	48	607	973	1	247
1536	O31	O	15	31	48	703	975	1	248
1536	Q31	Q	17	31	48	799	977	1	249
1536	S31	S	19	31	48	895	979	1	250
1536	U31	U	21	31	48	991	981	1	251
1536	W31	W	23	31	48	1087	983	1	252
1536	Y31	Y	25	31	48	1183	985	1	253
1536	AA31	AA	27	31	48	1279	987	1	254
1536	AC31	AC	29	31	48	1375	989	1	255
1536	AE31	AE	31	31	48	1471	991	1	256
1536	A33	A	1	33	48	33	1025	1	257
1536	C33	C	3	33	48	129	1027	1	258
1536	E33	E	5	33	48	225	1029	1	259
1536	G33	G	7	33	48	321	1031	1	260
1536	I33	I	9	33	48	417	1033	1	261
1536	K33	K	11	33	48	513	1035	1	262
1536	M33	M	13	33	48	609	1037	1	263
1536	O33	O	15	33	48	705	1039	1	264
1536	Q33	Q	17	33	48	801	1041	1	265
1536	S33	S	19	33	48	897	1043	1	266
1536	U33	U	21	33	48	993	1045	1	267
1536	W33	W	23	33	48	1089	1047	1	268
1536	Y33	Y	25	33	48	1185	1049	1	269
1536	AA33	AA	27	33	48	1281	1051	1	270
1536	AC33	AC	29	33	48	1377	1053	1	271
1536	AE33	AE	31	33	48	1473	1055	1	272
1536	A35	A	1	35	48	35	1089	1	273
1536	C35	C	3	35	48	131	1091	1	274
1536	E35	E	5	35	48	227	1093	1	275
1536	G35	G	7	35	48	323	1095	1	276
1536	I35	I	9	35	48	419	1097	1	277
1536	K35	K	11	35	48	515	1099	1	278
1536	M35	M	13	35	48	611	1101	1	279
1536	O35	O	15	35	48	707	1103	1	280
1536	Q35	Q	17	35	48	803	1105	1	281
1536	S35	S	19	35	48	899	1107	1	282
1536	U35	U	21	35	48	995	1109	1	283
1536	W35	W	23	35	48	1091	1111	1	284
1536	Y35	Y	25	35	48	1187	1113	1	285
1536	AA35	AA	27	35	48	1283	1115	1	286
1536	AC35	AC	29	35	48	1379	1117	1	287
1536	AE35	AE	31	35	48	1475	1119	1	288
1536	A37	A	1	37	48	37	1153	1	289
1536	C37	C	3	37	48	133	1155	1	290
1536	E37	E	5	37	48	229	1157	1	291
1536	G37	G	7	37	48	325	1159	1	292
1536	I37	I	9	37	48	421	1161	1	293
1536	K37	K	11	37	48	517	1163	1	294
1536	M37	M	13	37	48	613	1165	1	295
1536	O37	O	15	37	48	709	1167	1	296
1536	Q37	Q	17	37	48	805	1169	1	297
1536	S37	S	19	37	48	901	1171	1	298
1536	U37	U	21	37	48	997	1173	1	299
1536	W37	W	23	37	48	1093	1175	1	300
1536	Y37	Y	25	37	48	1189	1177	1	301
1536	AA37	AA	27	37	48	1285	1179	1	302
1536	AC37	AC	29	37	48	1381	1181	1	303
1536	AE37	AE	31	37	48	1477	1183	1	304
1536	A39	A	1	39	48	39	1217	1	305
1536	C39	C	3	39	48	135	1219	1	306
1536	E39	E	5	39	48	231	1221	1	307
1536	G39	G	7	39	48	327	1223	1	308
1536	I39	I	9	39	48	423	1225	1	309
1536	K39	K	11	39	48	519	1227	1	310
1536	M39	M	13	39	48	615	1229	1	311
1536	O39	O	15	39	48	711	1231	1	312
1536	Q39	Q	17	39	48	807	1233	1	313
1536	S39	S	19	39	48	903	1235	1	314
1536	U39	U	21	39	48	999	1237	1	315
1536	W39	W	23	39	48	1095	1239	1	316
1536	Y39	Y	25	39	48	1191	1241	1	317
1536	AA39	AA	27	39	48	1287	1243	1	318
1536	AC39	AC	29	39	48	1383	1245	1	319
1536	AE39	AE	31	39	48	1479	1247	1	320
1536	A41	A	1	41	48	41	1281	1	321
1536	C41	C	3	41	48	137	1283	1	322
1536	E41	E	5	41	48	233	1285	1	323
1536	G41	G	7	41	48	329	1287	1	324
1536	I41	I	9	41	48	425	1289	1	325
1536	K41	K	11	41	48	521	1291	1	326
1536	M41	M	13	41	48	617	1293	1	327
1536	O41	O	15	41	48	713	1295	1	328
1536	Q41	Q	17	41	48	809	1297	1	329
1536	S41	S	19	41	48	905	1299	1	330
1536	U41	U	21	41	48	1001	1301	1	331
1536	W41	W	23	41	48	1097	1303	1	332
1536	Y41	Y	25	41	48	1193	1305	1	333
1536	AA41	AA	27	41	48	1289	1307	1	334
1536	AC41	AC	29	41	48	1385	1309	1	335
1536	AE41	AE	31	41	48	1481	1311	1	336
1536	A43	A	1	43	48	43	1345	1	337
1536	C43	C	3	43	48	139	1347	1	338
1536	E43	E	5	43	48	235	1349	1	339
1536	G43	G	7	43	48	331	1351	1	340
1536	I43	I	9	43	48	427	1353	1	341
1536	K43	K	11	43	48	523	1355	1	342
1536	M43	M	13	43	48	619	1357	1	343
1536	O43	O	15	43	48	715	1359	1	344
1536	Q43	Q	17	43	48	811	1361	1	345
1536	S43	S	19	43	48	907	1363	1	346
1536	U43	U	21	43	48	1003	1365	1	347
1536	W43	W	23	43	48	1099	1367	1	348
1536	Y43	Y	25	43	48	1195	1369	1	349
1536	AA43	AA	27	43	48	1291	1371	1	350
1536	AC43	AC	29	43	48	1387	1373	1	351
1536	AE43	AE	31	43	48	1483	1375	1	352
1536	A45	A	1	45	48	45	1409	1	353
1536	C45	C	3	45	48	141	1411	1	354
1536	E45	E	5	45	48	237	1413	1	355
1536	G45	G	7	45	48	333	1415	1	356
1536	I45	I	9	45	48	429	1417	1	357
1536	K45	K	11	45	48	525	1419	1	358
1536	M45	M	13	45	48	621	1421	1	359
1536	O45	O	15	45	48	717	1423	1	360
1536	Q45	Q	17	45	48	813	1425	1	361
1536	S45	S	19	45	48	909	1427	1	362
1536	U45	U	21	45	48	1005	1429	1	363
1536	W45	W	23	45	48	1101	1431	1	364
1536	Y45	Y	25	45	48	1197	1433	1	365
1536	AA45	AA	27	45	48	1293	1435	1	366
1536	AC45	AC	29	45	48	1389	1437	1	367
1536	AE45	AE	31	45	48	1485	1439	1	368
1536	A47	A	1	47	48	47	1473	1	369
1536	C47	C	3	47	48	143	1475	1	370
1536	E47	E	5	47	48	239	1477	1	371
1536	G47	G	7	47	48	335	1479	1	372
1536	I47	I	9	47	48	431	1481	1	373
1536	K47	K	11	47	48	527	1483	1	374
1536	M47	M	13	47	48	623	1485	1	375
1536	O47	O	15	47	48	719	1487	1	376
1536	Q47	Q	17	47	48	815	1489	1	377
1536	S47	S	19	47	48	911	1491	1	378
1536	U47	U	21	47	48	1007	1493	1	379
1536	W47	W	23	47	48	1103	1495	1	380
1536	Y47	Y	25	47	48	1199	1497	1	381
1536	AA47	AA	27	47	48	1295	1499	1	382
1536	AC47	AC	29	47	48	1391	1501	1	383
1536	AE47	AE	31	47	48	1487	1503	1	384
1536	A02	A	1	2	48	2	33	2	1
1536	C02	C	3	2	48	98	35	2	2
1536	E02	E	5	2	48	194	37	2	3
1536	G02	G	7	2	48	290	39	2	4
1536	I02	I	9	2	48	386	41	2	5
1536	K02	K	11	2	48	482	43	2	6
1536	M02	M	13	2	48	578	45	2	7
1536	O02	O	15	2	48	674	47	2	8
1536	Q02	Q	17	2	48	770	49	2	9
1536	S02	S	19	2	48	866	51	2	10
1536	U02	U	21	2	48	962	53	2	11
1536	W02	W	23	2	48	1058	55	2	12
1536	Y02	Y	25	2	48	1154	57	2	13
1536	AA02	AA	27	2	48	1250	59	2	14
1536	AC02	AC	29	2	48	1346	61	2	15
1536	AE02	AE	31	2	48	1442	63	2	16
1536	A04	A	1	4	48	4	97	2	17
1536	C04	C	3	4	48	100	99	2	18
1536	E04	E	5	4	48	196	101	2	19
1536	G04	G	7	4	48	292	103	2	20
1536	I04	I	9	4	48	388	105	2	21
1536	K04	K	11	4	48	484	107	2	22
1536	M04	M	13	4	48	580	109	2	23
1536	O04	O	15	4	48	676	111	2	24
1536	Q04	Q	17	4	48	772	113	2	25
1536	S04	S	19	4	48	868	115	2	26
1536	U04	U	21	4	48	964	117	2	27
1536	W04	W	23	4	48	1060	119	2	28
1536	Y04	Y	25	4	48	1156	121	2	29
1536	AA04	AA	27	4	48	1252	123	2	30
1536	AC04	AC	29	4	48	1348	125	2	31
1536	AE04	AE	31	4	48	1444	127	2	32
1536	A06	A	1	6	48	6	161	2	33
1536	C06	C	3	6	48	102	163	2	34
1536	E06	E	5	6	48	198	165	2	35
1536	G06	G	7	6	48	294	167	2	36
1536	I06	I	9	6	48	390	169	2	37
1536	K06	K	11	6	48	486	171	2	38
1536	M06	M	13	6	48	582	173	2	39
1536	O06	O	15	6	48	678	175	2	40
1536	Q06	Q	17	6	48	774	177	2	41
1536	S06	S	19	6	48	870	179	2	42
1536	U06	U	21	6	48	966	181	2	43
1536	W06	W	23	6	48	1062	183	2	44
1536	Y06	Y	25	6	48	1158	185	2	45
1536	AA06	AA	27	6	48	1254	187	2	46
1536	AC06	AC	29	6	48	1350	189	2	47
1536	AE06	AE	31	6	48	1446	191	2	48
1536	A08	A	1	8	48	8	225	2	49
1536	C08	C	3	8	48	104	227	2	50
1536	E08	E	5	8	48	200	229	2	51
1536	G08	G	7	8	48	296	231	2	52
1536	I08	I	9	8	48	392	233	2	53
1536	K08	K	11	8	48	488	235	2	54
1536	M08	M	13	8	48	584	237	2	55
1536	O08	O	15	8	48	680	239	2	56
1536	Q08	Q	17	8	48	776	241	2	57
1536	S08	S	19	8	48	872	243	2	58
1536	U08	U	21	8	48	968	245	2	59
1536	W08	W	23	8	48	1064	247	2	60
1536	Y08	Y	25	8	48	1160	249	2	61
1536	AA08	AA	27	8	48	1256	251	2	62
1536	AC08	AC	29	8	48	1352	253	2	63
1536	AE08	AE	31	8	48	1448	255	2	64
1536	A10	A	1	10	48	10	289	2	65
1536	C10	C	3	10	48	106	291	2	66
1536	E10	E	5	10	48	202	293	2	67
1536	G10	G	7	10	48	298	295	2	68
1536	I10	I	9	10	48	394	297	2	69
1536	K10	K	11	10	48	490	299	2	70
1536	M10	M	13	10	48	586	301	2	71
1536	O10	O	15	10	48	682	303	2	72
1536	Q10	Q	17	10	48	778	305	2	73
1536	S10	S	19	10	48	874	307	2	74
1536	U10	U	21	10	48	970	309	2	75
1536	W10	W	23	10	48	1066	311	2	76
1536	Y10	Y	25	10	48	1162	313	2	77
1536	AA10	AA	27	10	48	1258	315	2	78
1536	AC10	AC	29	10	48	1354	317	2	79
1536	AE10	AE	31	10	48	1450	319	2	80
1536	A12	A	1	12	48	12	353	2	81
1536	C12	C	3	12	48	108	355	2	82
1536	E12	E	5	12	48	204	357	2	83
1536	G12	G	7	12	48	300	359	2	84
1536	I12	I	9	12	48	396	361	2	85
1536	K12	K	11	12	48	492	363	2	86
1536	M12	M	13	12	48	588	365	2	87
1536	O12	O	15	12	48	684	367	2	88
1536	Q12	Q	17	12	48	780	369	2	89
1536	S12	S	19	12	48	876	371	2	90
1536	U12	U	21	12	48	972	373	2	91
1536	W12	W	23	12	48	1068	375	2	92
1536	Y12	Y	25	12	48	1164	377	2	93
1536	AA12	AA	27	12	48	1260	379	2	94
1536	AC12	AC	29	12	48	1356	381	2	95
1536	AE12	AE	31	12	48	1452	383	2	96
1536	A14	A	1	14	48	14	417	2	97
1536	C14	C	3	14	48	110	419	2	98
1536	E14	E	5	14	48	206	421	2	99
1536	G14	G	7	14	48	302	423	2	100
1536	I14	I	9	14	48	398	425	2	101
1536	K14	K	11	14	48	494	427	2	102
1536	M14	M	13	14	48	590	429	2	103
1536	O14	O	15	14	48	686	431	2	104
1536	Q14	Q	17	14	48	782	433	2	105
1536	S14	S	19	14	48	878	435	2	106
1536	U14	U	21	14	48	974	437	2	107
1536	W14	W	23	14	48	1070	439	2	108
1536	Y14	Y	25	14	48	1166	441	2	109
1536	AA14	AA	27	14	48	1262	443	2	110
1536	AC14	AC	29	14	48	1358	445	2	111
1536	AE14	AE	31	14	48	1454	447	2	112
1536	A16	A	1	16	48	16	481	2	113
1536	C16	C	3	16	48	112	483	2	114
1536	E16	E	5	16	48	208	485	2	115
1536	G16	G	7	16	48	304	487	2	116
1536	I16	I	9	16	48	400	489	2	117
1536	K16	K	11	16	48	496	491	2	118
1536	M16	M	13	16	48	592	493	2	119
1536	O16	O	15	16	48	688	495	2	120
1536	Q16	Q	17	16	48	784	497	2	121
1536	S16	S	19	16	48	880	499	2	122
1536	U16	U	21	16	48	976	501	2	123
1536	W16	W	23	16	48	1072	503	2	124
1536	Y16	Y	25	16	48	1168	505	2	125
1536	AA16	AA	27	16	48	1264	507	2	126
1536	AC16	AC	29	16	48	1360	509	2	127
1536	AE16	AE	31	16	48	1456	511	2	128
1536	A18	A	1	18	48	18	545	2	129
1536	C18	C	3	18	48	114	547	2	130
1536	E18	E	5	18	48	210	549	2	131
1536	G18	G	7	18	48	306	551	2	132
1536	I18	I	9	18	48	402	553	2	133
1536	K18	K	11	18	48	498	555	2	134
1536	M18	M	13	18	48	594	557	2	135
1536	O18	O	15	18	48	690	559	2	136
1536	Q18	Q	17	18	48	786	561	2	137
1536	S18	S	19	18	48	882	563	2	138
1536	U18	U	21	18	48	978	565	2	139
1536	W18	W	23	18	48	1074	567	2	140
1536	Y18	Y	25	18	48	1170	569	2	141
1536	AA18	AA	27	18	48	1266	571	2	142
1536	AC18	AC	29	18	48	1362	573	2	143
1536	AE18	AE	31	18	48	1458	575	2	144
1536	A20	A	1	20	48	20	609	2	145
1536	C20	C	3	20	48	116	611	2	146
1536	E20	E	5	20	48	212	613	2	147
1536	G20	G	7	20	48	308	615	2	148
1536	I20	I	9	20	48	404	617	2	149
1536	K20	K	11	20	48	500	619	2	150
1536	M20	M	13	20	48	596	621	2	151
1536	O20	O	15	20	48	692	623	2	152
1536	Q20	Q	17	20	48	788	625	2	153
1536	S20	S	19	20	48	884	627	2	154
1536	U20	U	21	20	48	980	629	2	155
1536	W20	W	23	20	48	1076	631	2	156
1536	Y20	Y	25	20	48	1172	633	2	157
1536	AA20	AA	27	20	48	1268	635	2	158
1536	AC20	AC	29	20	48	1364	637	2	159
1536	AE20	AE	31	20	48	1460	639	2	160
1536	A22	A	1	22	48	22	673	2	161
1536	C22	C	3	22	48	118	675	2	162
1536	E22	E	5	22	48	214	677	2	163
1536	G22	G	7	22	48	310	679	2	164
1536	I22	I	9	22	48	406	681	2	165
1536	K22	K	11	22	48	502	683	2	166
1536	M22	M	13	22	48	598	685	2	167
1536	O22	O	15	22	48	694	687	2	168
1536	Q22	Q	17	22	48	790	689	2	169
1536	S22	S	19	22	48	886	691	2	170
1536	U22	U	21	22	48	982	693	2	171
1536	W22	W	23	22	48	1078	695	2	172
1536	Y22	Y	25	22	48	1174	697	2	173
1536	AA22	AA	27	22	48	1270	699	2	174
1536	AC22	AC	29	22	48	1366	701	2	175
1536	AE22	AE	31	22	48	1462	703	2	176
1536	A24	A	1	24	48	24	737	2	177
1536	C24	C	3	24	48	120	739	2	178
1536	E24	E	5	24	48	216	741	2	179
1536	G24	G	7	24	48	312	743	2	180
1536	I24	I	9	24	48	408	745	2	181
1536	K24	K	11	24	48	504	747	2	182
1536	M24	M	13	24	48	600	749	2	183
1536	O24	O	15	24	48	696	751	2	184
1536	Q24	Q	17	24	48	792	753	2	185
1536	S24	S	19	24	48	888	755	2	186
1536	U24	U	21	24	48	984	757	2	187
1536	W24	W	23	24	48	1080	759	2	188
1536	Y24	Y	25	24	48	1176	761	2	189
1536	AA24	AA	27	24	48	1272	763	2	190
1536	AC24	AC	29	24	48	1368	765	2	191
1536	AE24	AE	31	24	48	1464	767	2	192
1536	A26	A	1	26	48	26	801	2	193
1536	C26	C	3	26	48	122	803	2	194
1536	E26	E	5	26	48	218	805	2	195
1536	G26	G	7	26	48	314	807	2	196
1536	I26	I	9	26	48	410	809	2	197
1536	K26	K	11	26	48	506	811	2	198
1536	M26	M	13	26	48	602	813	2	199
1536	O26	O	15	26	48	698	815	2	200
1536	Q26	Q	17	26	48	794	817	2	201
1536	S26	S	19	26	48	890	819	2	202
1536	U26	U	21	26	48	986	821	2	203
1536	W26	W	23	26	48	1082	823	2	204
1536	Y26	Y	25	26	48	1178	825	2	205
1536	AA26	AA	27	26	48	1274	827	2	206
1536	AC26	AC	29	26	48	1370	829	2	207
1536	AE26	AE	31	26	48	1466	831	2	208
1536	A28	A	1	28	48	28	865	2	209
1536	C28	C	3	28	48	124	867	2	210
1536	E28	E	5	28	48	220	869	2	211
1536	G28	G	7	28	48	316	871	2	212
1536	I28	I	9	28	48	412	873	2	213
1536	K28	K	11	28	48	508	875	2	214
1536	M28	M	13	28	48	604	877	2	215
1536	O28	O	15	28	48	700	879	2	216
1536	Q28	Q	17	28	48	796	881	2	217
1536	S28	S	19	28	48	892	883	2	218
1536	U28	U	21	28	48	988	885	2	219
1536	W28	W	23	28	48	1084	887	2	220
1536	Y28	Y	25	28	48	1180	889	2	221
1536	AA28	AA	27	28	48	1276	891	2	222
1536	AC28	AC	29	28	48	1372	893	2	223
1536	AE28	AE	31	28	48	1468	895	2	224
1536	A30	A	1	30	48	30	929	2	225
1536	C30	C	3	30	48	126	931	2	226
1536	E30	E	5	30	48	222	933	2	227
1536	G30	G	7	30	48	318	935	2	228
1536	I30	I	9	30	48	414	937	2	229
1536	K30	K	11	30	48	510	939	2	230
1536	M30	M	13	30	48	606	941	2	231
1536	O30	O	15	30	48	702	943	2	232
1536	Q30	Q	17	30	48	798	945	2	233
1536	S30	S	19	30	48	894	947	2	234
1536	U30	U	21	30	48	990	949	2	235
1536	W30	W	23	30	48	1086	951	2	236
1536	Y30	Y	25	30	48	1182	953	2	237
1536	AA30	AA	27	30	48	1278	955	2	238
1536	AC30	AC	29	30	48	1374	957	2	239
1536	AE30	AE	31	30	48	1470	959	2	240
1536	A32	A	1	32	48	32	993	2	241
1536	C32	C	3	32	48	128	995	2	242
1536	E32	E	5	32	48	224	997	2	243
1536	G32	G	7	32	48	320	999	2	244
1536	I32	I	9	32	48	416	1001	2	245
1536	K32	K	11	32	48	512	1003	2	246
1536	M32	M	13	32	48	608	1005	2	247
1536	O32	O	15	32	48	704	1007	2	248
1536	Q32	Q	17	32	48	800	1009	2	249
1536	S32	S	19	32	48	896	1011	2	250
1536	U32	U	21	32	48	992	1013	2	251
1536	W32	W	23	32	48	1088	1015	2	252
1536	Y32	Y	25	32	48	1184	1017	2	253
1536	AA32	AA	27	32	48	1280	1019	2	254
1536	AC32	AC	29	32	48	1376	1021	2	255
1536	AE32	AE	31	32	48	1472	1023	2	256
1536	A34	A	1	34	48	34	1057	2	257
1536	C34	C	3	34	48	130	1059	2	258
1536	E34	E	5	34	48	226	1061	2	259
1536	G34	G	7	34	48	322	1063	2	260
1536	I34	I	9	34	48	418	1065	2	261
1536	K34	K	11	34	48	514	1067	2	262
1536	M34	M	13	34	48	610	1069	2	263
1536	O34	O	15	34	48	706	1071	2	264
1536	Q34	Q	17	34	48	802	1073	2	265
1536	S34	S	19	34	48	898	1075	2	266
1536	U34	U	21	34	48	994	1077	2	267
1536	W34	W	23	34	48	1090	1079	2	268
1536	Y34	Y	25	34	48	1186	1081	2	269
1536	AA34	AA	27	34	48	1282	1083	2	270
1536	AC34	AC	29	34	48	1378	1085	2	271
1536	AE34	AE	31	34	48	1474	1087	2	272
1536	A36	A	1	36	48	36	1121	2	273
1536	C36	C	3	36	48	132	1123	2	274
1536	E36	E	5	36	48	228	1125	2	275
1536	G36	G	7	36	48	324	1127	2	276
1536	I36	I	9	36	48	420	1129	2	277
1536	K36	K	11	36	48	516	1131	2	278
1536	M36	M	13	36	48	612	1133	2	279
1536	O36	O	15	36	48	708	1135	2	280
1536	Q36	Q	17	36	48	804	1137	2	281
1536	S36	S	19	36	48	900	1139	2	282
1536	U36	U	21	36	48	996	1141	2	283
1536	W36	W	23	36	48	1092	1143	2	284
1536	Y36	Y	25	36	48	1188	1145	2	285
1536	AA36	AA	27	36	48	1284	1147	2	286
1536	AC36	AC	29	36	48	1380	1149	2	287
1536	AE36	AE	31	36	48	1476	1151	2	288
1536	A38	A	1	38	48	38	1185	2	289
1536	C38	C	3	38	48	134	1187	2	290
1536	E38	E	5	38	48	230	1189	2	291
1536	G38	G	7	38	48	326	1191	2	292
1536	I38	I	9	38	48	422	1193	2	293
1536	K38	K	11	38	48	518	1195	2	294
1536	M38	M	13	38	48	614	1197	2	295
1536	O38	O	15	38	48	710	1199	2	296
1536	Q38	Q	17	38	48	806	1201	2	297
1536	S38	S	19	38	48	902	1203	2	298
1536	U38	U	21	38	48	998	1205	2	299
1536	W38	W	23	38	48	1094	1207	2	300
1536	Y38	Y	25	38	48	1190	1209	2	301
1536	AA38	AA	27	38	48	1286	1211	2	302
1536	AC38	AC	29	38	48	1382	1213	2	303
1536	AE38	AE	31	38	48	1478	1215	2	304
1536	A40	A	1	40	48	40	1249	2	305
1536	C40	C	3	40	48	136	1251	2	306
1536	E40	E	5	40	48	232	1253	2	307
1536	G40	G	7	40	48	328	1255	2	308
1536	I40	I	9	40	48	424	1257	2	309
1536	K40	K	11	40	48	520	1259	2	310
1536	M40	M	13	40	48	616	1261	2	311
1536	O40	O	15	40	48	712	1263	2	312
1536	Q40	Q	17	40	48	808	1265	2	313
1536	S40	S	19	40	48	904	1267	2	314
1536	U40	U	21	40	48	1000	1269	2	315
1536	W40	W	23	40	48	1096	1271	2	316
1536	Y40	Y	25	40	48	1192	1273	2	317
1536	AA40	AA	27	40	48	1288	1275	2	318
1536	AC40	AC	29	40	48	1384	1277	2	319
1536	AE40	AE	31	40	48	1480	1279	2	320
1536	A42	A	1	42	48	42	1313	2	321
1536	C42	C	3	42	48	138	1315	2	322
1536	E42	E	5	42	48	234	1317	2	323
1536	G42	G	7	42	48	330	1319	2	324
1536	I42	I	9	42	48	426	1321	2	325
1536	K42	K	11	42	48	522	1323	2	326
1536	M42	M	13	42	48	618	1325	2	327
1536	O42	O	15	42	48	714	1327	2	328
1536	Q42	Q	17	42	48	810	1329	2	329
1536	S42	S	19	42	48	906	1331	2	330
1536	U42	U	21	42	48	1002	1333	2	331
1536	W42	W	23	42	48	1098	1335	2	332
1536	Y42	Y	25	42	48	1194	1337	2	333
1536	AA42	AA	27	42	48	1290	1339	2	334
1536	AC42	AC	29	42	48	1386	1341	2	335
1536	AE42	AE	31	42	48	1482	1343	2	336
1536	A44	A	1	44	48	44	1377	2	337
1536	C44	C	3	44	48	140	1379	2	338
1536	E44	E	5	44	48	236	1381	2	339
1536	G44	G	7	44	48	332	1383	2	340
1536	I44	I	9	44	48	428	1385	2	341
1536	K44	K	11	44	48	524	1387	2	342
1536	M44	M	13	44	48	620	1389	2	343
1536	O44	O	15	44	48	716	1391	2	344
1536	Q44	Q	17	44	48	812	1393	2	345
1536	S44	S	19	44	48	908	1395	2	346
1536	U44	U	21	44	48	1004	1397	2	347
1536	W44	W	23	44	48	1100	1399	2	348
1536	Y44	Y	25	44	48	1196	1401	2	349
1536	AA44	AA	27	44	48	1292	1403	2	350
1536	AC44	AC	29	44	48	1388	1405	2	351
1536	AE44	AE	31	44	48	1484	1407	2	352
1536	A46	A	1	46	48	46	1441	2	353
1536	C46	C	3	46	48	142	1443	2	354
1536	E46	E	5	46	48	238	1445	2	355
1536	G46	G	7	46	48	334	1447	2	356
1536	I46	I	9	46	48	430	1449	2	357
1536	K46	K	11	46	48	526	1451	2	358
1536	M46	M	13	46	48	622	1453	2	359
1536	O46	O	15	46	48	718	1455	2	360
1536	Q46	Q	17	46	48	814	1457	2	361
1536	S46	S	19	46	48	910	1459	2	362
1536	U46	U	21	46	48	1006	1461	2	363
1536	W46	W	23	46	48	1102	1463	2	364
1536	Y46	Y	25	46	48	1198	1465	2	365
1536	AA46	AA	27	46	48	1294	1467	2	366
1536	AC46	AC	29	46	48	1390	1469	2	367
1536	AE46	AE	31	46	48	1486	1471	2	368
1536	A48	A	1	48	48	48	1505	2	369
1536	C48	C	3	48	48	144	1507	2	370
1536	E48	E	5	48	48	240	1509	2	371
1536	G48	G	7	48	48	336	1511	2	372
1536	I48	I	9	48	48	432	1513	2	373
1536	K48	K	11	48	48	528	1515	2	374
1536	M48	M	13	48	48	624	1517	2	375
1536	O48	O	15	48	48	720	1519	2	376
1536	Q48	Q	17	48	48	816	1521	2	377
1536	S48	S	19	48	48	912	1523	2	378
1536	U48	U	21	48	48	1008	1525	2	379
1536	W48	W	23	48	48	1104	1527	2	380
1536	Y48	Y	25	48	48	1200	1529	2	381
1536	AA48	AA	27	48	48	1296	1531	2	382
1536	AC48	AC	29	48	48	1392	1533	2	383
1536	AE48	AE	31	48	48	1488	1535	2	384
1536	B01	B	2	1	48	49	2	3	1
1536	D01	D	4	1	48	145	4	3	2
1536	F01	F	6	1	48	241	6	3	3
1536	H01	H	8	1	48	337	8	3	4
1536	J01	J	10	1	48	433	10	3	5
1536	L01	L	12	1	48	529	12	3	6
1536	N01	N	14	1	48	625	14	3	7
1536	P01	P	16	1	48	721	16	3	8
1536	R01	R	18	1	48	817	18	3	9
1536	T01	T	20	1	48	913	20	3	10
1536	V01	V	22	1	48	1009	22	3	11
1536	X01	X	24	1	48	1105	24	3	12
1536	Z01	Z	26	1	48	1201	26	3	13
1536	AB01	AB	28	1	48	1297	28	3	14
1536	AD01	AD	30	1	48	1393	30	3	15
1536	AF01	AF	32	1	48	1489	32	3	16
1536	B03	B	2	3	48	51	66	3	17
1536	D03	D	4	3	48	147	68	3	18
1536	F03	F	6	3	48	243	70	3	19
1536	H03	H	8	3	48	339	72	3	20
1536	J03	J	10	3	48	435	74	3	21
1536	L03	L	12	3	48	531	76	3	22
1536	N03	N	14	3	48	627	78	3	23
1536	P03	P	16	3	48	723	80	3	24
1536	R03	R	18	3	48	819	82	3	25
1536	T03	T	20	3	48	915	84	3	26
1536	V03	V	22	3	48	1011	86	3	27
1536	X03	X	24	3	48	1107	88	3	28
1536	Z03	Z	26	3	48	1203	90	3	29
1536	AB03	AB	28	3	48	1299	92	3	30
1536	AD03	AD	30	3	48	1395	94	3	31
1536	AF03	AF	32	3	48	1491	96	3	32
1536	B05	B	2	5	48	53	130	3	33
1536	D05	D	4	5	48	149	132	3	34
1536	F05	F	6	5	48	245	134	3	35
1536	H05	H	8	5	48	341	136	3	36
1536	J05	J	10	5	48	437	138	3	37
1536	L05	L	12	5	48	533	140	3	38
1536	N05	N	14	5	48	629	142	3	39
1536	P05	P	16	5	48	725	144	3	40
1536	R05	R	18	5	48	821	146	3	41
1536	T05	T	20	5	48	917	148	3	42
1536	V05	V	22	5	48	1013	150	3	43
1536	X05	X	24	5	48	1109	152	3	44
1536	Z05	Z	26	5	48	1205	154	3	45
1536	AB05	AB	28	5	48	1301	156	3	46
1536	AD05	AD	30	5	48	1397	158	3	47
1536	AF05	AF	32	5	48	1493	160	3	48
1536	B07	B	2	7	48	55	194	3	49
1536	D07	D	4	7	48	151	196	3	50
1536	F07	F	6	7	48	247	198	3	51
1536	H07	H	8	7	48	343	200	3	52
1536	J07	J	10	7	48	439	202	3	53
1536	L07	L	12	7	48	535	204	3	54
1536	N07	N	14	7	48	631	206	3	55
1536	P07	P	16	7	48	727	208	3	56
1536	R07	R	18	7	48	823	210	3	57
1536	T07	T	20	7	48	919	212	3	58
1536	V07	V	22	7	48	1015	214	3	59
1536	X07	X	24	7	48	1111	216	3	60
1536	Z07	Z	26	7	48	1207	218	3	61
1536	AB07	AB	28	7	48	1303	220	3	62
1536	AD07	AD	30	7	48	1399	222	3	63
1536	AF07	AF	32	7	48	1495	224	3	64
1536	B09	B	2	9	48	57	258	3	65
1536	D09	D	4	9	48	153	260	3	66
1536	F09	F	6	9	48	249	262	3	67
1536	H09	H	8	9	48	345	264	3	68
1536	J09	J	10	9	48	441	266	3	69
1536	L09	L	12	9	48	537	268	3	70
1536	N09	N	14	9	48	633	270	3	71
1536	P09	P	16	9	48	729	272	3	72
1536	R09	R	18	9	48	825	274	3	73
1536	T09	T	20	9	48	921	276	3	74
1536	V09	V	22	9	48	1017	278	3	75
1536	X09	X	24	9	48	1113	280	3	76
1536	Z09	Z	26	9	48	1209	282	3	77
1536	AB09	AB	28	9	48	1305	284	3	78
1536	AD09	AD	30	9	48	1401	286	3	79
1536	AF09	AF	32	9	48	1497	288	3	80
1536	B11	B	2	11	48	59	322	3	81
1536	D11	D	4	11	48	155	324	3	82
1536	F11	F	6	11	48	251	326	3	83
1536	H11	H	8	11	48	347	328	3	84
1536	J11	J	10	11	48	443	330	3	85
1536	L11	L	12	11	48	539	332	3	86
1536	N11	N	14	11	48	635	334	3	87
1536	P11	P	16	11	48	731	336	3	88
1536	R11	R	18	11	48	827	338	3	89
1536	T11	T	20	11	48	923	340	3	90
1536	V11	V	22	11	48	1019	342	3	91
1536	X11	X	24	11	48	1115	344	3	92
1536	Z11	Z	26	11	48	1211	346	3	93
1536	AB11	AB	28	11	48	1307	348	3	94
1536	AD11	AD	30	11	48	1403	350	3	95
1536	AF11	AF	32	11	48	1499	352	3	96
1536	B13	B	2	13	48	61	386	3	97
1536	D13	D	4	13	48	157	388	3	98
1536	F13	F	6	13	48	253	390	3	99
1536	H13	H	8	13	48	349	392	3	100
1536	J13	J	10	13	48	445	394	3	101
1536	L13	L	12	13	48	541	396	3	102
1536	N13	N	14	13	48	637	398	3	103
1536	P13	P	16	13	48	733	400	3	104
1536	R13	R	18	13	48	829	402	3	105
1536	T13	T	20	13	48	925	404	3	106
1536	V13	V	22	13	48	1021	406	3	107
1536	X13	X	24	13	48	1117	408	3	108
1536	Z13	Z	26	13	48	1213	410	3	109
1536	AB13	AB	28	13	48	1309	412	3	110
1536	AD13	AD	30	13	48	1405	414	3	111
1536	AF13	AF	32	13	48	1501	416	3	112
1536	B15	B	2	15	48	63	450	3	113
1536	D15	D	4	15	48	159	452	3	114
1536	F15	F	6	15	48	255	454	3	115
1536	H15	H	8	15	48	351	456	3	116
1536	J15	J	10	15	48	447	458	3	117
1536	L15	L	12	15	48	543	460	3	118
1536	N15	N	14	15	48	639	462	3	119
1536	P15	P	16	15	48	735	464	3	120
1536	R15	R	18	15	48	831	466	3	121
1536	T15	T	20	15	48	927	468	3	122
1536	V15	V	22	15	48	1023	470	3	123
1536	X15	X	24	15	48	1119	472	3	124
1536	Z15	Z	26	15	48	1215	474	3	125
1536	AB15	AB	28	15	48	1311	476	3	126
1536	AD15	AD	30	15	48	1407	478	3	127
1536	AF15	AF	32	15	48	1503	480	3	128
1536	B17	B	2	17	48	65	514	3	129
1536	D17	D	4	17	48	161	516	3	130
1536	F17	F	6	17	48	257	518	3	131
1536	H17	H	8	17	48	353	520	3	132
1536	J17	J	10	17	48	449	522	3	133
1536	L17	L	12	17	48	545	524	3	134
1536	N17	N	14	17	48	641	526	3	135
1536	P17	P	16	17	48	737	528	3	136
1536	R17	R	18	17	48	833	530	3	137
1536	T17	T	20	17	48	929	532	3	138
1536	V17	V	22	17	48	1025	534	3	139
1536	X17	X	24	17	48	1121	536	3	140
1536	Z17	Z	26	17	48	1217	538	3	141
1536	AB17	AB	28	17	48	1313	540	3	142
1536	AD17	AD	30	17	48	1409	542	3	143
1536	AF17	AF	32	17	48	1505	544	3	144
1536	B19	B	2	19	48	67	578	3	145
1536	D19	D	4	19	48	163	580	3	146
1536	F19	F	6	19	48	259	582	3	147
1536	H19	H	8	19	48	355	584	3	148
1536	J19	J	10	19	48	451	586	3	149
1536	L19	L	12	19	48	547	588	3	150
1536	N19	N	14	19	48	643	590	3	151
1536	P19	P	16	19	48	739	592	3	152
1536	R19	R	18	19	48	835	594	3	153
1536	T19	T	20	19	48	931	596	3	154
1536	V19	V	22	19	48	1027	598	3	155
1536	X19	X	24	19	48	1123	600	3	156
1536	Z19	Z	26	19	48	1219	602	3	157
1536	AB19	AB	28	19	48	1315	604	3	158
1536	AD19	AD	30	19	48	1411	606	3	159
1536	AF19	AF	32	19	48	1507	608	3	160
1536	B21	B	2	21	48	69	642	3	161
1536	D21	D	4	21	48	165	644	3	162
1536	F21	F	6	21	48	261	646	3	163
1536	H21	H	8	21	48	357	648	3	164
1536	J21	J	10	21	48	453	650	3	165
1536	L21	L	12	21	48	549	652	3	166
1536	N21	N	14	21	48	645	654	3	167
1536	P21	P	16	21	48	741	656	3	168
1536	R21	R	18	21	48	837	658	3	169
1536	T21	T	20	21	48	933	660	3	170
1536	V21	V	22	21	48	1029	662	3	171
1536	X21	X	24	21	48	1125	664	3	172
1536	Z21	Z	26	21	48	1221	666	3	173
1536	AB21	AB	28	21	48	1317	668	3	174
1536	AD21	AD	30	21	48	1413	670	3	175
1536	AF21	AF	32	21	48	1509	672	3	176
1536	B23	B	2	23	48	71	706	3	177
1536	D23	D	4	23	48	167	708	3	178
1536	F23	F	6	23	48	263	710	3	179
1536	H23	H	8	23	48	359	712	3	180
1536	J23	J	10	23	48	455	714	3	181
1536	L23	L	12	23	48	551	716	3	182
1536	N23	N	14	23	48	647	718	3	183
1536	P23	P	16	23	48	743	720	3	184
1536	R23	R	18	23	48	839	722	3	185
1536	T23	T	20	23	48	935	724	3	186
1536	V23	V	22	23	48	1031	726	3	187
1536	X23	X	24	23	48	1127	728	3	188
1536	Z23	Z	26	23	48	1223	730	3	189
1536	AB23	AB	28	23	48	1319	732	3	190
1536	AD23	AD	30	23	48	1415	734	3	191
1536	AF23	AF	32	23	48	1511	736	3	192
1536	B25	B	2	25	48	73	770	3	193
1536	D25	D	4	25	48	169	772	3	194
1536	F25	F	6	25	48	265	774	3	195
1536	H25	H	8	25	48	361	776	3	196
1536	J25	J	10	25	48	457	778	3	197
1536	L25	L	12	25	48	553	780	3	198
1536	N25	N	14	25	48	649	782	3	199
1536	P25	P	16	25	48	745	784	3	200
1536	R25	R	18	25	48	841	786	3	201
1536	T25	T	20	25	48	937	788	3	202
1536	V25	V	22	25	48	1033	790	3	203
1536	X25	X	24	25	48	1129	792	3	204
1536	Z25	Z	26	25	48	1225	794	3	205
1536	AB25	AB	28	25	48	1321	796	3	206
1536	AD25	AD	30	25	48	1417	798	3	207
1536	AF25	AF	32	25	48	1513	800	3	208
1536	B27	B	2	27	48	75	834	3	209
1536	D27	D	4	27	48	171	836	3	210
1536	F27	F	6	27	48	267	838	3	211
1536	H27	H	8	27	48	363	840	3	212
1536	J27	J	10	27	48	459	842	3	213
1536	L27	L	12	27	48	555	844	3	214
1536	N27	N	14	27	48	651	846	3	215
1536	P27	P	16	27	48	747	848	3	216
1536	R27	R	18	27	48	843	850	3	217
1536	T27	T	20	27	48	939	852	3	218
1536	V27	V	22	27	48	1035	854	3	219
1536	X27	X	24	27	48	1131	856	3	220
1536	Z27	Z	26	27	48	1227	858	3	221
1536	AB27	AB	28	27	48	1323	860	3	222
1536	AD27	AD	30	27	48	1419	862	3	223
1536	AF27	AF	32	27	48	1515	864	3	224
1536	B29	B	2	29	48	77	898	3	225
1536	D29	D	4	29	48	173	900	3	226
1536	F29	F	6	29	48	269	902	3	227
1536	H29	H	8	29	48	365	904	3	228
1536	J29	J	10	29	48	461	906	3	229
1536	L29	L	12	29	48	557	908	3	230
1536	N29	N	14	29	48	653	910	3	231
1536	P29	P	16	29	48	749	912	3	232
1536	R29	R	18	29	48	845	914	3	233
1536	T29	T	20	29	48	941	916	3	234
1536	V29	V	22	29	48	1037	918	3	235
1536	X29	X	24	29	48	1133	920	3	236
1536	Z29	Z	26	29	48	1229	922	3	237
1536	AB29	AB	28	29	48	1325	924	3	238
1536	AD29	AD	30	29	48	1421	926	3	239
1536	AF29	AF	32	29	48	1517	928	3	240
1536	B31	B	2	31	48	79	962	3	241
1536	D31	D	4	31	48	175	964	3	242
1536	F31	F	6	31	48	271	966	3	243
1536	H31	H	8	31	48	367	968	3	244
1536	J31	J	10	31	48	463	970	3	245
1536	L31	L	12	31	48	559	972	3	246
1536	N31	N	14	31	48	655	974	3	247
1536	P31	P	16	31	48	751	976	3	248
1536	R31	R	18	31	48	847	978	3	249
1536	T31	T	20	31	48	943	980	3	250
1536	V31	V	22	31	48	1039	982	3	251
1536	X31	X	24	31	48	1135	984	3	252
1536	Z31	Z	26	31	48	1231	986	3	253
1536	AB31	AB	28	31	48	1327	988	3	254
1536	AD31	AD	30	31	48	1423	990	3	255
1536	AF31	AF	32	31	48	1519	992	3	256
1536	B33	B	2	33	48	81	1026	3	257
1536	D33	D	4	33	48	177	1028	3	258
1536	F33	F	6	33	48	273	1030	3	259
1536	H33	H	8	33	48	369	1032	3	260
1536	J33	J	10	33	48	465	1034	3	261
1536	L33	L	12	33	48	561	1036	3	262
1536	N33	N	14	33	48	657	1038	3	263
1536	P33	P	16	33	48	753	1040	3	264
1536	R33	R	18	33	48	849	1042	3	265
1536	T33	T	20	33	48	945	1044	3	266
1536	V33	V	22	33	48	1041	1046	3	267
1536	X33	X	24	33	48	1137	1048	3	268
1536	Z33	Z	26	33	48	1233	1050	3	269
1536	AB33	AB	28	33	48	1329	1052	3	270
1536	AD33	AD	30	33	48	1425	1054	3	271
1536	AF33	AF	32	33	48	1521	1056	3	272
1536	B35	B	2	35	48	83	1090	3	273
1536	D35	D	4	35	48	179	1092	3	274
1536	F35	F	6	35	48	275	1094	3	275
1536	H35	H	8	35	48	371	1096	3	276
1536	J35	J	10	35	48	467	1098	3	277
1536	L35	L	12	35	48	563	1100	3	278
1536	N35	N	14	35	48	659	1102	3	279
1536	P35	P	16	35	48	755	1104	3	280
1536	R35	R	18	35	48	851	1106	3	281
1536	T35	T	20	35	48	947	1108	3	282
1536	V35	V	22	35	48	1043	1110	3	283
1536	X35	X	24	35	48	1139	1112	3	284
1536	Z35	Z	26	35	48	1235	1114	3	285
1536	AB35	AB	28	35	48	1331	1116	3	286
1536	AD35	AD	30	35	48	1427	1118	3	287
1536	AF35	AF	32	35	48	1523	1120	3	288
1536	B37	B	2	37	48	85	1154	3	289
1536	D37	D	4	37	48	181	1156	3	290
1536	F37	F	6	37	48	277	1158	3	291
1536	H37	H	8	37	48	373	1160	3	292
1536	J37	J	10	37	48	469	1162	3	293
1536	L37	L	12	37	48	565	1164	3	294
1536	N37	N	14	37	48	661	1166	3	295
1536	P37	P	16	37	48	757	1168	3	296
1536	R37	R	18	37	48	853	1170	3	297
1536	T37	T	20	37	48	949	1172	3	298
1536	V37	V	22	37	48	1045	1174	3	299
1536	X37	X	24	37	48	1141	1176	3	300
1536	Z37	Z	26	37	48	1237	1178	3	301
1536	AB37	AB	28	37	48	1333	1180	3	302
1536	AD37	AD	30	37	48	1429	1182	3	303
1536	AF37	AF	32	37	48	1525	1184	3	304
1536	B39	B	2	39	48	87	1218	3	305
1536	D39	D	4	39	48	183	1220	3	306
1536	F39	F	6	39	48	279	1222	3	307
1536	H39	H	8	39	48	375	1224	3	308
1536	J39	J	10	39	48	471	1226	3	309
1536	L39	L	12	39	48	567	1228	3	310
1536	N39	N	14	39	48	663	1230	3	311
1536	P39	P	16	39	48	759	1232	3	312
1536	R39	R	18	39	48	855	1234	3	313
1536	T39	T	20	39	48	951	1236	3	314
1536	V39	V	22	39	48	1047	1238	3	315
1536	X39	X	24	39	48	1143	1240	3	316
1536	Z39	Z	26	39	48	1239	1242	3	317
1536	AB39	AB	28	39	48	1335	1244	3	318
1536	AD39	AD	30	39	48	1431	1246	3	319
1536	AF39	AF	32	39	48	1527	1248	3	320
1536	B41	B	2	41	48	89	1282	3	321
1536	D41	D	4	41	48	185	1284	3	322
1536	F41	F	6	41	48	281	1286	3	323
1536	H41	H	8	41	48	377	1288	3	324
1536	J41	J	10	41	48	473	1290	3	325
1536	L41	L	12	41	48	569	1292	3	326
1536	N41	N	14	41	48	665	1294	3	327
1536	P41	P	16	41	48	761	1296	3	328
1536	R41	R	18	41	48	857	1298	3	329
1536	T41	T	20	41	48	953	1300	3	330
1536	V41	V	22	41	48	1049	1302	3	331
1536	X41	X	24	41	48	1145	1304	3	332
1536	Z41	Z	26	41	48	1241	1306	3	333
1536	AB41	AB	28	41	48	1337	1308	3	334
1536	AD41	AD	30	41	48	1433	1310	3	335
1536	AF41	AF	32	41	48	1529	1312	3	336
1536	B43	B	2	43	48	91	1346	3	337
1536	D43	D	4	43	48	187	1348	3	338
1536	F43	F	6	43	48	283	1350	3	339
1536	H43	H	8	43	48	379	1352	3	340
1536	J43	J	10	43	48	475	1354	3	341
1536	L43	L	12	43	48	571	1356	3	342
1536	N43	N	14	43	48	667	1358	3	343
1536	P43	P	16	43	48	763	1360	3	344
1536	R43	R	18	43	48	859	1362	3	345
1536	T43	T	20	43	48	955	1364	3	346
1536	V43	V	22	43	48	1051	1366	3	347
1536	X43	X	24	43	48	1147	1368	3	348
1536	Z43	Z	26	43	48	1243	1370	3	349
1536	AB43	AB	28	43	48	1339	1372	3	350
1536	AD43	AD	30	43	48	1435	1374	3	351
1536	AF43	AF	32	43	48	1531	1376	3	352
1536	B45	B	2	45	48	93	1410	3	353
1536	D45	D	4	45	48	189	1412	3	354
1536	F45	F	6	45	48	285	1414	3	355
1536	H45	H	8	45	48	381	1416	3	356
1536	J45	J	10	45	48	477	1418	3	357
1536	L45	L	12	45	48	573	1420	3	358
1536	N45	N	14	45	48	669	1422	3	359
1536	P45	P	16	45	48	765	1424	3	360
1536	R45	R	18	45	48	861	1426	3	361
1536	T45	T	20	45	48	957	1428	3	362
1536	V45	V	22	45	48	1053	1430	3	363
1536	X45	X	24	45	48	1149	1432	3	364
1536	Z45	Z	26	45	48	1245	1434	3	365
1536	AB45	AB	28	45	48	1341	1436	3	366
1536	AD45	AD	30	45	48	1437	1438	3	367
1536	AF45	AF	32	45	48	1533	1440	3	368
1536	B47	B	2	47	48	95	1474	3	369
1536	D47	D	4	47	48	191	1476	3	370
1536	F47	F	6	47	48	287	1478	3	371
1536	H47	H	8	47	48	383	1480	3	372
1536	J47	J	10	47	48	479	1482	3	373
1536	L47	L	12	47	48	575	1484	3	374
1536	N47	N	14	47	48	671	1486	3	375
1536	P47	P	16	47	48	767	1488	3	376
1536	R47	R	18	47	48	863	1490	3	377
1536	T47	T	20	47	48	959	1492	3	378
1536	V47	V	22	47	48	1055	1494	3	379
1536	X47	X	24	47	48	1151	1496	3	380
1536	Z47	Z	26	47	48	1247	1498	3	381
1536	AB47	AB	28	47	48	1343	1500	3	382
1536	AD47	AD	30	47	48	1439	1502	3	383
1536	AF47	AF	32	47	48	1535	1504	3	384
1536	B02	B	2	2	48	50	34	4	1
1536	D02	D	4	2	48	146	36	4	2
1536	F02	F	6	2	48	242	38	4	3
1536	H02	H	8	2	48	338	40	4	4
1536	J02	J	10	2	48	434	42	4	5
1536	L02	L	12	2	48	530	44	4	6
1536	N02	N	14	2	48	626	46	4	7
1536	P02	P	16	2	48	722	48	4	8
1536	R02	R	18	2	48	818	50	4	9
1536	T02	T	20	2	48	914	52	4	10
1536	V02	V	22	2	48	1010	54	4	11
1536	X02	X	24	2	48	1106	56	4	12
1536	Z02	Z	26	2	48	1202	58	4	13
1536	AB02	AB	28	2	48	1298	60	4	14
1536	AD02	AD	30	2	48	1394	62	4	15
1536	AF02	AF	32	2	48	1490	64	4	16
1536	B04	B	2	4	48	52	98	4	17
1536	D04	D	4	4	48	148	100	4	18
1536	F04	F	6	4	48	244	102	4	19
1536	H04	H	8	4	48	340	104	4	20
1536	J04	J	10	4	48	436	106	4	21
1536	L04	L	12	4	48	532	108	4	22
1536	N04	N	14	4	48	628	110	4	23
1536	P04	P	16	4	48	724	112	4	24
1536	R04	R	18	4	48	820	114	4	25
1536	T04	T	20	4	48	916	116	4	26
1536	V04	V	22	4	48	1012	118	4	27
1536	X04	X	24	4	48	1108	120	4	28
1536	Z04	Z	26	4	48	1204	122	4	29
1536	AB04	AB	28	4	48	1300	124	4	30
1536	AD04	AD	30	4	48	1396	126	4	31
1536	AF04	AF	32	4	48	1492	128	4	32
1536	B06	B	2	6	48	54	162	4	33
1536	D06	D	4	6	48	150	164	4	34
1536	F06	F	6	6	48	246	166	4	35
1536	H06	H	8	6	48	342	168	4	36
1536	J06	J	10	6	48	438	170	4	37
1536	L06	L	12	6	48	534	172	4	38
1536	N06	N	14	6	48	630	174	4	39
1536	P06	P	16	6	48	726	176	4	40
1536	R06	R	18	6	48	822	178	4	41
1536	T06	T	20	6	48	918	180	4	42
1536	V06	V	22	6	48	1014	182	4	43
1536	X06	X	24	6	48	1110	184	4	44
1536	Z06	Z	26	6	48	1206	186	4	45
1536	AB06	AB	28	6	48	1302	188	4	46
1536	AD06	AD	30	6	48	1398	190	4	47
1536	AF06	AF	32	6	48	1494	192	4	48
1536	B08	B	2	8	48	56	226	4	49
1536	D08	D	4	8	48	152	228	4	50
1536	F08	F	6	8	48	248	230	4	51
1536	H08	H	8	8	48	344	232	4	52
1536	J08	J	10	8	48	440	234	4	53
1536	L08	L	12	8	48	536	236	4	54
1536	N08	N	14	8	48	632	238	4	55
1536	P08	P	16	8	48	728	240	4	56
1536	R08	R	18	8	48	824	242	4	57
1536	T08	T	20	8	48	920	244	4	58
1536	V08	V	22	8	48	1016	246	4	59
1536	X08	X	24	8	48	1112	248	4	60
1536	Z08	Z	26	8	48	1208	250	4	61
1536	AB08	AB	28	8	48	1304	252	4	62
1536	AD08	AD	30	8	48	1400	254	4	63
1536	AF08	AF	32	8	48	1496	256	4	64
1536	B10	B	2	10	48	58	290	4	65
1536	D10	D	4	10	48	154	292	4	66
1536	F10	F	6	10	48	250	294	4	67
1536	H10	H	8	10	48	346	296	4	68
1536	J10	J	10	10	48	442	298	4	69
1536	L10	L	12	10	48	538	300	4	70
1536	N10	N	14	10	48	634	302	4	71
1536	P10	P	16	10	48	730	304	4	72
1536	R10	R	18	10	48	826	306	4	73
1536	T10	T	20	10	48	922	308	4	74
1536	V10	V	22	10	48	1018	310	4	75
1536	X10	X	24	10	48	1114	312	4	76
1536	Z10	Z	26	10	48	1210	314	4	77
1536	AB10	AB	28	10	48	1306	316	4	78
1536	AD10	AD	30	10	48	1402	318	4	79
1536	AF10	AF	32	10	48	1498	320	4	80
1536	B12	B	2	12	48	60	354	4	81
1536	D12	D	4	12	48	156	356	4	82
1536	F12	F	6	12	48	252	358	4	83
1536	H12	H	8	12	48	348	360	4	84
1536	J12	J	10	12	48	444	362	4	85
1536	L12	L	12	12	48	540	364	4	86
1536	N12	N	14	12	48	636	366	4	87
1536	P12	P	16	12	48	732	368	4	88
1536	R12	R	18	12	48	828	370	4	89
1536	T12	T	20	12	48	924	372	4	90
1536	V12	V	22	12	48	1020	374	4	91
1536	X12	X	24	12	48	1116	376	4	92
1536	Z12	Z	26	12	48	1212	378	4	93
1536	AB12	AB	28	12	48	1308	380	4	94
1536	AD12	AD	30	12	48	1404	382	4	95
1536	AF12	AF	32	12	48	1500	384	4	96
1536	B14	B	2	14	48	62	418	4	97
1536	D14	D	4	14	48	158	420	4	98
1536	F14	F	6	14	48	254	422	4	99
1536	H14	H	8	14	48	350	424	4	100
1536	J14	J	10	14	48	446	426	4	101
1536	L14	L	12	14	48	542	428	4	102
1536	N14	N	14	14	48	638	430	4	103
1536	P14	P	16	14	48	734	432	4	104
1536	R14	R	18	14	48	830	434	4	105
1536	T14	T	20	14	48	926	436	4	106
1536	V14	V	22	14	48	1022	438	4	107
1536	X14	X	24	14	48	1118	440	4	108
1536	Z14	Z	26	14	48	1214	442	4	109
1536	AB14	AB	28	14	48	1310	444	4	110
1536	AD14	AD	30	14	48	1406	446	4	111
1536	AF14	AF	32	14	48	1502	448	4	112
1536	B16	B	2	16	48	64	482	4	113
1536	D16	D	4	16	48	160	484	4	114
1536	F16	F	6	16	48	256	486	4	115
1536	H16	H	8	16	48	352	488	4	116
1536	J16	J	10	16	48	448	490	4	117
1536	L16	L	12	16	48	544	492	4	118
1536	N16	N	14	16	48	640	494	4	119
1536	P16	P	16	16	48	736	496	4	120
1536	R16	R	18	16	48	832	498	4	121
1536	T16	T	20	16	48	928	500	4	122
1536	V16	V	22	16	48	1024	502	4	123
1536	X16	X	24	16	48	1120	504	4	124
1536	Z16	Z	26	16	48	1216	506	4	125
1536	AB16	AB	28	16	48	1312	508	4	126
1536	AD16	AD	30	16	48	1408	510	4	127
1536	AF16	AF	32	16	48	1504	512	4	128
1536	B18	B	2	18	48	66	546	4	129
1536	D18	D	4	18	48	162	548	4	130
1536	F18	F	6	18	48	258	550	4	131
1536	H18	H	8	18	48	354	552	4	132
1536	J18	J	10	18	48	450	554	4	133
1536	L18	L	12	18	48	546	556	4	134
1536	N18	N	14	18	48	642	558	4	135
1536	P18	P	16	18	48	738	560	4	136
1536	R18	R	18	18	48	834	562	4	137
1536	T18	T	20	18	48	930	564	4	138
1536	V18	V	22	18	48	1026	566	4	139
1536	X18	X	24	18	48	1122	568	4	140
1536	Z18	Z	26	18	48	1218	570	4	141
1536	AB18	AB	28	18	48	1314	572	4	142
1536	AD18	AD	30	18	48	1410	574	4	143
1536	AF18	AF	32	18	48	1506	576	4	144
1536	B20	B	2	20	48	68	610	4	145
1536	D20	D	4	20	48	164	612	4	146
1536	F20	F	6	20	48	260	614	4	147
1536	H20	H	8	20	48	356	616	4	148
1536	J20	J	10	20	48	452	618	4	149
1536	L20	L	12	20	48	548	620	4	150
1536	N20	N	14	20	48	644	622	4	151
1536	P20	P	16	20	48	740	624	4	152
1536	R20	R	18	20	48	836	626	4	153
1536	T20	T	20	20	48	932	628	4	154
1536	V20	V	22	20	48	1028	630	4	155
1536	X20	X	24	20	48	1124	632	4	156
1536	Z20	Z	26	20	48	1220	634	4	157
1536	AB20	AB	28	20	48	1316	636	4	158
1536	AD20	AD	30	20	48	1412	638	4	159
1536	AF20	AF	32	20	48	1508	640	4	160
1536	B22	B	2	22	48	70	674	4	161
1536	D22	D	4	22	48	166	676	4	162
1536	F22	F	6	22	48	262	678	4	163
1536	H22	H	8	22	48	358	680	4	164
1536	J22	J	10	22	48	454	682	4	165
1536	L22	L	12	22	48	550	684	4	166
1536	N22	N	14	22	48	646	686	4	167
1536	P22	P	16	22	48	742	688	4	168
1536	R22	R	18	22	48	838	690	4	169
1536	T22	T	20	22	48	934	692	4	170
1536	V22	V	22	22	48	1030	694	4	171
1536	X22	X	24	22	48	1126	696	4	172
1536	Z22	Z	26	22	48	1222	698	4	173
1536	AB22	AB	28	22	48	1318	700	4	174
1536	AD22	AD	30	22	48	1414	702	4	175
1536	AF22	AF	32	22	48	1510	704	4	176
1536	B24	B	2	24	48	72	738	4	177
1536	D24	D	4	24	48	168	740	4	178
1536	F24	F	6	24	48	264	742	4	179
1536	H24	H	8	24	48	360	744	4	180
1536	J24	J	10	24	48	456	746	4	181
1536	L24	L	12	24	48	552	748	4	182
1536	N24	N	14	24	48	648	750	4	183
1536	P24	P	16	24	48	744	752	4	184
1536	R24	R	18	24	48	840	754	4	185
1536	T24	T	20	24	48	936	756	4	186
1536	V24	V	22	24	48	1032	758	4	187
1536	X24	X	24	24	48	1128	760	4	188
1536	Z24	Z	26	24	48	1224	762	4	189
1536	AB24	AB	28	24	48	1320	764	4	190
1536	AD24	AD	30	24	48	1416	766	4	191
1536	AF24	AF	32	24	48	1512	768	4	192
1536	B26	B	2	26	48	74	802	4	193
1536	D26	D	4	26	48	170	804	4	194
1536	F26	F	6	26	48	266	806	4	195
1536	H26	H	8	26	48	362	808	4	196
1536	J26	J	10	26	48	458	810	4	197
1536	L26	L	12	26	48	554	812	4	198
1536	N26	N	14	26	48	650	814	4	199
1536	P26	P	16	26	48	746	816	4	200
1536	R26	R	18	26	48	842	818	4	201
1536	T26	T	20	26	48	938	820	4	202
1536	V26	V	22	26	48	1034	822	4	203
1536	X26	X	24	26	48	1130	824	4	204
1536	Z26	Z	26	26	48	1226	826	4	205
1536	AB26	AB	28	26	48	1322	828	4	206
1536	AD26	AD	30	26	48	1418	830	4	207
1536	AF26	AF	32	26	48	1514	832	4	208
1536	B28	B	2	28	48	76	866	4	209
1536	D28	D	4	28	48	172	868	4	210
1536	F28	F	6	28	48	268	870	4	211
1536	H28	H	8	28	48	364	872	4	212
1536	J28	J	10	28	48	460	874	4	213
1536	L28	L	12	28	48	556	876	4	214
1536	N28	N	14	28	48	652	878	4	215
1536	P28	P	16	28	48	748	880	4	216
1536	R28	R	18	28	48	844	882	4	217
1536	T28	T	20	28	48	940	884	4	218
1536	V28	V	22	28	48	1036	886	4	219
1536	X28	X	24	28	48	1132	888	4	220
1536	Z28	Z	26	28	48	1228	890	4	221
1536	AB28	AB	28	28	48	1324	892	4	222
1536	AD28	AD	30	28	48	1420	894	4	223
1536	AF28	AF	32	28	48	1516	896	4	224
1536	B30	B	2	30	48	78	930	4	225
1536	D30	D	4	30	48	174	932	4	226
1536	F30	F	6	30	48	270	934	4	227
1536	H30	H	8	30	48	366	936	4	228
1536	J30	J	10	30	48	462	938	4	229
1536	L30	L	12	30	48	558	940	4	230
1536	N30	N	14	30	48	654	942	4	231
1536	P30	P	16	30	48	750	944	4	232
1536	R30	R	18	30	48	846	946	4	233
1536	T30	T	20	30	48	942	948	4	234
1536	V30	V	22	30	48	1038	950	4	235
1536	X30	X	24	30	48	1134	952	4	236
1536	Z30	Z	26	30	48	1230	954	4	237
1536	AB30	AB	28	30	48	1326	956	4	238
1536	AD30	AD	30	30	48	1422	958	4	239
1536	AF30	AF	32	30	48	1518	960	4	240
1536	B32	B	2	32	48	80	994	4	241
1536	D32	D	4	32	48	176	996	4	242
1536	F32	F	6	32	48	272	998	4	243
1536	H32	H	8	32	48	368	1000	4	244
1536	J32	J	10	32	48	464	1002	4	245
1536	L32	L	12	32	48	560	1004	4	246
1536	N32	N	14	32	48	656	1006	4	247
1536	P32	P	16	32	48	752	1008	4	248
1536	R32	R	18	32	48	848	1010	4	249
1536	T32	T	20	32	48	944	1012	4	250
1536	V32	V	22	32	48	1040	1014	4	251
1536	X32	X	24	32	48	1136	1016	4	252
1536	Z32	Z	26	32	48	1232	1018	4	253
1536	AB32	AB	28	32	48	1328	1020	4	254
1536	AD32	AD	30	32	48	1424	1022	4	255
1536	AF32	AF	32	32	48	1520	1024	4	256
1536	B34	B	2	34	48	82	1058	4	257
1536	D34	D	4	34	48	178	1060	4	258
1536	F34	F	6	34	48	274	1062	4	259
1536	H34	H	8	34	48	370	1064	4	260
1536	J34	J	10	34	48	466	1066	4	261
1536	L34	L	12	34	48	562	1068	4	262
1536	N34	N	14	34	48	658	1070	4	263
1536	P34	P	16	34	48	754	1072	4	264
1536	R34	R	18	34	48	850	1074	4	265
1536	T34	T	20	34	48	946	1076	4	266
1536	V34	V	22	34	48	1042	1078	4	267
1536	X34	X	24	34	48	1138	1080	4	268
1536	Z34	Z	26	34	48	1234	1082	4	269
1536	AB34	AB	28	34	48	1330	1084	4	270
1536	AD34	AD	30	34	48	1426	1086	4	271
1536	AF34	AF	32	34	48	1522	1088	4	272
1536	B36	B	2	36	48	84	1122	4	273
1536	D36	D	4	36	48	180	1124	4	274
1536	F36	F	6	36	48	276	1126	4	275
1536	H36	H	8	36	48	372	1128	4	276
1536	J36	J	10	36	48	468	1130	4	277
1536	L36	L	12	36	48	564	1132	4	278
1536	N36	N	14	36	48	660	1134	4	279
1536	P36	P	16	36	48	756	1136	4	280
1536	R36	R	18	36	48	852	1138	4	281
1536	T36	T	20	36	48	948	1140	4	282
1536	V36	V	22	36	48	1044	1142	4	283
1536	X36	X	24	36	48	1140	1144	4	284
1536	Z36	Z	26	36	48	1236	1146	4	285
1536	AB36	AB	28	36	48	1332	1148	4	286
1536	AD36	AD	30	36	48	1428	1150	4	287
1536	AF36	AF	32	36	48	1524	1152	4	288
1536	B38	B	2	38	48	86	1186	4	289
1536	D38	D	4	38	48	182	1188	4	290
1536	F38	F	6	38	48	278	1190	4	291
1536	H38	H	8	38	48	374	1192	4	292
1536	J38	J	10	38	48	470	1194	4	293
1536	L38	L	12	38	48	566	1196	4	294
1536	N38	N	14	38	48	662	1198	4	295
1536	P38	P	16	38	48	758	1200	4	296
1536	R38	R	18	38	48	854	1202	4	297
1536	T38	T	20	38	48	950	1204	4	298
1536	V38	V	22	38	48	1046	1206	4	299
1536	X38	X	24	38	48	1142	1208	4	300
1536	Z38	Z	26	38	48	1238	1210	4	301
1536	AB38	AB	28	38	48	1334	1212	4	302
1536	AD38	AD	30	38	48	1430	1214	4	303
1536	AF38	AF	32	38	48	1526	1216	4	304
1536	B40	B	2	40	48	88	1250	4	305
1536	D40	D	4	40	48	184	1252	4	306
1536	F40	F	6	40	48	280	1254	4	307
1536	H40	H	8	40	48	376	1256	4	308
1536	J40	J	10	40	48	472	1258	4	309
1536	L40	L	12	40	48	568	1260	4	310
1536	N40	N	14	40	48	664	1262	4	311
1536	P40	P	16	40	48	760	1264	4	312
1536	R40	R	18	40	48	856	1266	4	313
1536	T40	T	20	40	48	952	1268	4	314
1536	V40	V	22	40	48	1048	1270	4	315
1536	X40	X	24	40	48	1144	1272	4	316
1536	Z40	Z	26	40	48	1240	1274	4	317
1536	AB40	AB	28	40	48	1336	1276	4	318
1536	AD40	AD	30	40	48	1432	1278	4	319
1536	AF40	AF	32	40	48	1528	1280	4	320
1536	B42	B	2	42	48	90	1314	4	321
1536	D42	D	4	42	48	186	1316	4	322
1536	F42	F	6	42	48	282	1318	4	323
1536	H42	H	8	42	48	378	1320	4	324
1536	J42	J	10	42	48	474	1322	4	325
1536	L42	L	12	42	48	570	1324	4	326
1536	N42	N	14	42	48	666	1326	4	327
1536	P42	P	16	42	48	762	1328	4	328
1536	R42	R	18	42	48	858	1330	4	329
1536	T42	T	20	42	48	954	1332	4	330
1536	V42	V	22	42	48	1050	1334	4	331
1536	X42	X	24	42	48	1146	1336	4	332
1536	Z42	Z	26	42	48	1242	1338	4	333
1536	AB42	AB	28	42	48	1338	1340	4	334
1536	AD42	AD	30	42	48	1434	1342	4	335
1536	AF42	AF	32	42	48	1530	1344	4	336
1536	B44	B	2	44	48	92	1378	4	337
1536	D44	D	4	44	48	188	1380	4	338
1536	F44	F	6	44	48	284	1382	4	339
1536	H44	H	8	44	48	380	1384	4	340
1536	J44	J	10	44	48	476	1386	4	341
1536	L44	L	12	44	48	572	1388	4	342
1536	N44	N	14	44	48	668	1390	4	343
1536	P44	P	16	44	48	764	1392	4	344
1536	R44	R	18	44	48	860	1394	4	345
1536	T44	T	20	44	48	956	1396	4	346
1536	V44	V	22	44	48	1052	1398	4	347
1536	X44	X	24	44	48	1148	1400	4	348
1536	Z44	Z	26	44	48	1244	1402	4	349
1536	AB44	AB	28	44	48	1340	1404	4	350
1536	AD44	AD	30	44	48	1436	1406	4	351
1536	AF44	AF	32	44	48	1532	1408	4	352
1536	B46	B	2	46	48	94	1442	4	353
1536	D46	D	4	46	48	190	1444	4	354
1536	F46	F	6	46	48	286	1446	4	355
1536	H46	H	8	46	48	382	1448	4	356
1536	J46	J	10	46	48	478	1450	4	357
1536	L46	L	12	46	48	574	1452	4	358
1536	N46	N	14	46	48	670	1454	4	359
1536	P46	P	16	46	48	766	1456	4	360
1536	R46	R	18	46	48	862	1458	4	361
1536	T46	T	20	46	48	958	1460	4	362
1536	V46	V	22	46	48	1054	1462	4	363
1536	X46	X	24	46	48	1150	1464	4	364
1536	Z46	Z	26	46	48	1246	1466	4	365
1536	AB46	AB	28	46	48	1342	1468	4	366
1536	AD46	AD	30	46	48	1438	1470	4	367
1536	AF46	AF	32	46	48	1534	1472	4	368
1536	B48	B	2	48	48	96	1506	4	369
1536	D48	D	4	48	48	192	1508	4	370
1536	F48	F	6	48	48	288	1510	4	371
1536	H48	H	8	48	48	384	1512	4	372
1536	J48	J	10	48	48	480	1514	4	373
1536	L48	L	12	48	48	576	1516	4	374
1536	N48	N	14	48	48	672	1518	4	375
1536	P48	P	16	48	48	768	1520	4	376
1536	R48	R	18	48	48	864	1522	4	377
1536	T48	T	20	48	48	960	1524	4	378
1536	V48	V	22	48	48	1056	1526	4	379
1536	X48	X	24	48	48	1152	1528	4	380
1536	Z48	Z	26	48	48	1248	1530	4	381
1536	AB48	AB	28	48	48	1344	1532	4	382
1536	AD48	AD	30	48	48	1440	1534	4	383
1536	AF48	AF	32	48	48	1536	1536	4	384
